       Phase Fraction  Guess for r  Count
0   0.000000      0/1            1    198
1   0.007812      0/1            1     13
2   0.015625      0/1            1      3
3   0.023438      0/1            1      1
4   0.031250      0/1            1      2
5   0.039062     1/15           15      1
6   0.062500     1/15           15      2
7   0.125000      1/8            8      3
8   0.148438     2/13           13      1
9   0.156250     2/13           13      1
10  0.187500     2/11           11      1
11  0.234375     3/13           13      6
12  0.242188      1/4            4     11
13  0.250000      1/4            4    191
14  0.257812      1/4            4     13
15  0.265625     4/15           15      5
16  0.273438     3/11           11      2
17  0.281250      2/7            7      5
18  0.304688     4/13           13      2
19  0.312500     4/13           13      2
20  0.320312     4/13           13      1
21  0.335938      1/3            3      1
22  0.343750      1/3            3      2
23  0.367188     4/11           11      1
24  0.375000      3/8            8      3
25  0.390625     5/13           13      1
26  0.406250      2/5            5      1
27  0.414062     5/12           12      1
28  0.429688      3/7            7      1
29  0.437500      4/9            9      2
30  0.453125     5/11           11      1
31  0.460938     6/13           13      1
32  0.468750     7/15           15      1
33  0.476562     7/15           15      1
34  0.484375      1/2            2      8
35  0.492188      1/2            2     21
36  0.500000      1/2            2    196
37  0.507812      1/2            2     11
38  0.515625      1/2            2      8
39  0.531250     8/15           15      7
40  0.539062     7/13           13      2
41  0.562500      5/9            9      3
42  0.578125     7/12           12      1
43  0.593750      3/5            5      1
44  0.609375     8/13           13      1
45  0.625000      5/8            8      2
46  0.687500     9/13           13      1
47  0.710938      5/7            7      1
48  0.718750      5/7            7      2
49  0.726562     8/11           11      1
50  0.734375    11/15           15      8
51  0.742188      3/4            4     12
52  0.750000      3/4            4    206
53  0.757812      3/4            4      7
54  0.765625    10/13           13      9
55  0.773438    10/13           13      3
56  0.781250      7/9            9      6
57  0.812500     9/11           11      2
58  0.820312     9/11           11      1
59  0.859375      6/7            7      1
60  0.875000      7/8            8      1
61  0.882812      8/9            9      1
62  0.906250    10/11           11      2
63  0.937500    14/15           15      1
64  0.953125    14/15           15      1
65  0.968750      1/1            1      1
66  0.976562      1/1            1      1
67  0.984375      1/1            1      7
68  0.992188      1/1            1      7
   Guess for r  Guess 1  Guess 2  Sum by Guess  Repetition Count
0            4        3        5           440                 6
4            2        1        3           244                 5
3           12        3        5             2                 2
Correct result: 440 out of 686 (64.14% correct)
   Key_T1  Key_T2  Correct percentage
0  300.00  300.00           64.139942
