       Phase Fraction  Guess for r  Count
0   0.000000      0/1            1    256
1   0.007812      0/1            1      3
2   0.015625      0/1            1      1
3   0.062500     1/15           15      2
4   0.187500     2/11           11      1
5   0.234375     3/13           13      1
6   0.242188      1/4            4      2
7   0.250000      1/4            4    222
8   0.257812      1/4            4      3
9   0.265625     4/15           15      1
10  0.273438     3/11           11      1
11  0.281250      2/7            7      1
12  0.375000      3/8            8      2
13  0.437500      4/9            9      1
14  0.468750     7/15           15      1
15  0.484375      1/2            2      2
16  0.492188      1/2            2      2
17  0.500000      1/2            2    243
18  0.507812      1/2            2      2
19  0.515625      1/2            2      1
20  0.562500      5/9            9      2
21  0.617188     8/13           13      1
22  0.625000      5/8            8      1
23  0.687500     9/13           13      2
24  0.710938      5/7            7      1
25  0.734375    11/15           15      1
26  0.742188      3/4            4      5
27  0.750000      3/4            4    245
28  0.757812      3/4            4      3
29  0.765625    10/13           13      2
30  0.781250      7/9            9      2
31  0.796875      4/5            5      1
32  0.859375      6/7            7      1
33  0.875000      7/8            8      2
34  0.882812      8/9            9      1
35  0.929688    13/14           14      1
36  0.937500    14/15           15      3
37  0.984375      1/1            1      1
38  0.992188      1/1            1      1
    Guess for r  Guess 1  Guess 2  Sum by Guess  Repetition Count
0             4        3        5           480                 6
3             2        1        3           250                 5
11           14        1        3             1                 1
       Phase Fraction  Guess for r  Count
0   0.000000      0/1            1    233
1   0.007812      0/1            1      4
2   0.015625      0/1            1      1
3   0.023438      0/1            1      1
4   0.046875     1/15           15      1
5   0.062500     1/15           15      1
6   0.093750     1/11           11      1
7   0.187500     2/11           11      1
8   0.203125      1/5            5      1
9   0.218750      2/9            9      2
10  0.226562     3/13           13      1
11  0.234375     3/13           13      1
12  0.242188      1/4            4      8
13  0.250000      1/4            4    225
14  0.257812      1/4            4      6
15  0.265625     4/15           15      4
16  0.281250      2/7            7      2
17  0.296875     3/10           10      1
18  0.375000      3/8            8      2
19  0.437500      4/9            9      3
20  0.468750     7/15           15      1
21  0.476562     7/15           15      2
22  0.484375      1/2            2      2
23  0.492188      1/2            2      5
24  0.500000      1/2            2    231
25  0.507812      1/2            2      5
26  0.515625      1/2            2      4
27  0.531250     8/15           15      3
28  0.539062     7/13           13      1
29  0.562500      5/9            9      1
30  0.585938     7/12           12      1
31  0.593750      3/5            5      1
32  0.656250      2/3            3      1
33  0.687500     9/13           13      1
34  0.726562     8/11           11      3
35  0.734375    11/15           15      4
36  0.742188      3/4            4      4
37  0.750000      3/4            4    241
38  0.757812      3/4            4      2
39  0.765625    10/13           13      1
40  0.781250      7/9            9      2
41  0.867188    13/15           15      1
42  0.875000      7/8            8      3
43  0.890625      8/9            9      1
44  0.921875    12/13           13      1
45  0.953125    14/15           15      1
46  0.984375      1/1            1      1
47  0.992188      1/1            1      1
   Guess for r  Guess 1  Guess 2  Sum by Guess  Repetition Count
0            4        3        5           486                 6
4            2        1        3           247                 5
3           10        1        3             1                 1
9           12        3        5             1                 1
       Phase Fraction  Guess for r  Count
0   0.000000      0/1            1    220
1   0.007812      0/1            1      5
2   0.015625      0/1            1      1
3   0.031250      0/1            1      1
4   0.046875     1/15           15      1
5   0.062500     1/15           15      2
6   0.085938     1/12           12      1
7   0.109375      1/9            9      1
8   0.179688     2/11           11      1
9   0.195312      1/5            5      1
10  0.203125      1/5            5      1
11  0.218750      2/9            9      2
12  0.234375     3/13           13      2
13  0.242188      1/4            4      7
14  0.250000      1/4            4    249
15  0.257812      1/4            4      5
16  0.265625     4/15           15      2
17  0.281250      2/7            7      3
18  0.296875     3/10           10      1
19  0.343750      1/3            3      1
20  0.351562     5/14           14      1
21  0.437500      4/9            9      1
22  0.468750     7/15           15      1
23  0.476562     7/15           15      1
24  0.492188      1/2            2      6
25  0.500000      1/2            2    228
26  0.507812      1/2            2      8
27  0.515625      1/2            2      1
28  0.523438     8/15           15      1
29  0.531250     8/15           15      2
30  0.562500      5/9            9      3
31  0.625000      5/8            8      2
32  0.640625     9/14           14      1
33  0.687500     9/13           13      1
34  0.703125     7/10           10      3
35  0.718750      5/7            7      3
36  0.726562     8/11           11      5
37  0.734375    11/15           15      3
38  0.742188      3/4            4      2
39  0.750000      3/4            4    219
40  0.757812      3/4            4      4
41  0.765625    10/13           13      2
42  0.875000      7/8            8      2
43  0.937500    14/15           15      1
44  0.960938    14/15           15      2
45  0.968750      1/1            1      3
46  0.976562      1/1            1      1
47  0.984375      1/1            1      4
48  0.992188      1/1            1      6
   Guess for r  Guess 1  Guess 2  Sum by Guess  Repetition Count
1            4        3        5           486                 6
6            2        1        3           243                 4
4           10        1        3             4                 2
5           14        1        3             2                 2
0           12        3        5             1                 1
       Phase Fraction  Guess for r  Count
0   0.000000      0/1            1    215
1   0.007812      0/1            1      5
2   0.015625      0/1            1      6
3   0.023438      0/1            1      1
4   0.062500     1/15           15      2
5   0.101562     1/10           10      2
6   0.125000      1/8            8      2
7   0.132812     2/15           15      1
8   0.171875      1/6            6      1
9   0.187500     2/11           11      1
10  0.195312      1/5            5      2
11  0.203125      1/5            5      2
12  0.210938     3/14           14      2
13  0.218750      2/9            9      4
14  0.234375     3/13           13      4
15  0.242188      1/4            4      6
16  0.250000      1/4            4    228
17  0.257812      1/4            4      5
18  0.265625     4/15           15      3
19  0.281250      2/7            7      1
20  0.312500     4/13           13      3
21  0.343750      1/3            3      2
22  0.359375     5/14           14      1
23  0.437500      4/9            9      1
24  0.453125     5/11           11      2
25  0.468750     7/15           15      1
26  0.484375      1/2            2      5
27  0.492188      1/2            2      7
28  0.500000      1/2            2    208
29  0.507812      1/2            2     15
30  0.515625      1/2            2      5
31  0.531250     8/15           15      3
32  0.546875     6/11           11      1
33  0.554688      5/9            9      1
34  0.562500      5/9            9      2
35  0.570312      4/7            7      2
36  0.593750      3/5            5      2
37  0.656250      2/3            3      1
38  0.687500     9/13           13      1
39  0.695312     9/13           13      2
40  0.718750      5/7            7      2
41  0.726562     8/11           11      1
42  0.734375    11/15           15      4
43  0.742188      3/4            4     11
44  0.750000      3/4            4    210
45  0.757812      3/4            4      9
46  0.765625    10/13           13      7
47  0.789062    11/14           14      1
48  0.859375      6/7            7      1
49  0.867188    13/15           15      1
50  0.875000      7/8            8      1
51  0.890625      8/9            9      2
52  0.906250    10/11           11      1
53  0.914062    11/12           12      1
54  0.937500    14/15           15      1
55  0.953125    14/15           15      1
56  0.968750      1/1            1      1
57  0.976562      1/1            1      1
58  0.984375      1/1            1      4
59  0.992188      1/1            1      6
    Guess for r  Guess 1  Guess 2  Sum by Guess  Repetition Count
14            4        3        5           469                 6
8             2        1        3           240                 5
2            14        1        3             4                 3
0            10        1        3             2                 1
1             6        1        3             1                 1
16           12        3        5             1                 1
       Phase Fraction  Guess for r  Count
0   0.000000      0/1            1    183
1   0.007812      0/1            1     12
2   0.015625      0/1            1      5
3   0.023438      0/1            1      1
4   0.031250      0/1            1      6
5   0.039062     1/15           15      1
6   0.062500     1/15           15      3
7   0.070312     1/14           14      1
8   0.109375      1/9            9      1
9   0.125000      1/8            8      5
10  0.140625      1/7            7      1
11  0.187500     2/11           11      4
12  0.203125      1/5            5      1
13  0.210938     3/14           14      1
14  0.218750      2/9            9      2
15  0.226562     3/13           13      3
16  0.234375     3/13           13      1
17  0.242188      1/4            4     12
18  0.250000      1/4            4    177
19  0.257812      1/4            4     18
20  0.265625     4/15           15     14
21  0.273438     3/11           11      2
22  0.281250      2/7            7      5
23  0.289062      2/7            7      1
24  0.312500     4/13           13      7
25  0.320312     4/13           13      2
26  0.375000      3/8            8      4
27  0.382812     5/13           13      1
28  0.390625     5/13           13      1
29  0.406250      2/5            5      1
30  0.421875     5/12           12      1
31  0.429688      3/7            7      1
32  0.437500      4/9            9      2
33  0.453125     5/11           11      2
34  0.460938     6/13           13      1
35  0.468750     7/15           15      5
36  0.476562     7/15           15      3
37  0.484375      1/2            2      5
38  0.492188      1/2            2     10
39  0.500000      1/2            2    191
40  0.507812      1/2            2     15
41  0.515625      1/2            2      6
42  0.523438     8/15           15      2
43  0.531250     8/15           15      8
44  0.539062     7/13           13      1
45  0.546875     6/11           11      1
46  0.562500      5/9            9      1
47  0.578125     7/12           12      3
48  0.585938     7/12           12      1
49  0.593750      3/5            5      1
50  0.601562      3/5            5      2
51  0.609375     8/13           13      2
52  0.625000      5/8            8      6
53  0.648438     9/14           14      1
54  0.656250      2/3            3      1
55  0.679688     9/13           13      1
56  0.687500     9/13           13      3
57  0.703125     7/10           10      1
58  0.710938      5/7            7      1
59  0.718750      5/7            7      4
60  0.726562     8/11           11      1
61  0.734375    11/15           15      8
62  0.742188      3/4            4     17
63  0.750000      3/4            4    176
64  0.757812      3/4            4     10
65  0.765625    10/13           13      2
66  0.773438    10/13           13      1
67  0.781250      7/9            9      6
68  0.789062    11/14           14      1
69  0.796875      4/5            5      2
70  0.804688      4/5            5      1
71  0.812500     9/11           11      1
72  0.828125      5/6            6      1
73  0.835938      5/6            6      1
74  0.859375      6/7            7      1
75  0.875000      7/8            8      3
76  0.929688    13/14           14      1
77  0.937500    14/15           15      3
78  0.968750      1/1            1      7
79  0.976562      1/1            1      4
80  0.984375      1/1            1      8
81  0.992188      1/1            1     11
    Guess for r  Guess 1  Guess 2  Sum by Guess  Repetition Count
2             4        3        5           410                 6
0            14        1        3             5                 5
10            2        1        3           227                 5
12           12        3        5             5                 3
19            6        1        3             2                 2
14           10        1        3             1                 1
       Phase Fraction  Guess for r  Count
0   0.000000      0/1            1    386
1   0.007812      0/1            1      5
2   0.015625      0/1            1      3
3   0.031250      0/1            1      7
4   0.062500     1/15           15     20
5   0.125000      1/8            8     29
6   0.140625      1/7            7      1
7   0.187500     2/11           11      1
8   0.250000      1/4            4     94
9   0.257812      1/4            4      3
10  0.281250      2/7            7      1
11  0.312500     4/13           13      9
12  0.375000      3/8            8     13
13  0.437500      4/9            9      1
14  0.468750     7/15           15      1
15  0.500000      1/2            2    292
16  0.515625      1/2            2      2
17  0.531250     8/15           15      3
18  0.562500      5/9            9     22
19  0.625000      5/8            8     29
20  0.632812     7/11           11      1
21  0.640625     9/14           14      1
22  0.656250      2/3            3      1
23  0.687500     9/13           13      4
24  0.718750      5/7            7      1
25  0.750000      3/4            4     78
26  0.765625    10/13           13      1
27  0.781250      7/9            9      1
28  0.812500     9/11           11      2
29  0.875000      7/8            8     11
30  0.906250    10/11           11      1
   Guess for r  Guess 1  Guess 2  Sum by Guess  Repetition Count
0            4        3        5           175                 3
2            2        1        3           294                 2
4           14        1        3             1                 1
Correct result: 175 out of 470 (37.23% correct)
   Key_T1  Key_T2  Correct percentage
0  629.55  578.24           65.663475
1  503.80  462.63           66.122449
2  378.04  347.03           66.032609
3  252.29  231.42           65.411437
4  126.53  115.82           63.076923
5    0.78    0.21           37.234043
