        Phase Fraction  Guess for r  Count
0    0.000000      0/1            1     56
1    0.007812      0/1            1     35
2    0.015625      0/1            1     11
3    0.023438      0/1            1      7
4    0.031250      0/1            1      7
5    0.039062     1/15           15      5
6    0.046875     1/15           15      3
7    0.054688     1/15           15      5
8    0.062500     1/15           15      6
9    0.070312     1/14           14      5
10   0.078125     1/13           13      3
11   0.085938     1/12           12      4
12   0.093750     1/11           11      3
13   0.101562     1/10           10      3
14   0.109375      1/9            9      3
15   0.117188      1/9            9      6
16   0.125000      1/8            8      3
17   0.132812     2/15           15      2
18   0.140625      1/7            7      3
19   0.148438     2/13           13      1
20   0.156250     2/13           13      1
21   0.164062      1/6            6      5
22   0.171875      1/6            6      3
23   0.179688     2/11           11      1
24   0.187500     2/11           11      6
25   0.195312      1/5            5      5
26   0.203125      1/5            5      4
27   0.210938     3/14           14      8
28   0.218750      2/9            9      8
29   0.226562     3/13           13      8
30   0.234375     3/13           13     19
31   0.242188      1/4            4     24
32   0.250000      1/4            4     41
33   0.257812      1/4            4     35
34   0.265625     4/15           15     14
35   0.273438     3/11           11      9
36   0.281250      2/7            7      6
37   0.289062      2/7            7      8
38   0.296875     3/10           10      4
39   0.304688     4/13           13      8
40   0.312500     4/13           13     10
41   0.320312     4/13           13      4
42   0.328125      1/3            3      3
43   0.335938      1/3            3      2
44   0.343750      1/3            3      1
45   0.351562     5/14           14      3
46   0.359375     5/14           14      3
47   0.367188     4/11           11      1
48   0.375000      3/8            8      4
49   0.382812     5/13           13      7
50   0.390625     5/13           13      1
51   0.398438      2/5            5      5
52   0.406250      2/5            5      4
53   0.421875     5/12           12      5
54   0.429688      3/7            7      7
55   0.437500      4/9            9      7
56   0.445312      4/9            9      4
57   0.453125     5/11           11      9
58   0.460938     6/13           13      7
59   0.468750     7/15           15     10
60   0.476562     7/15           15      9
61   0.484375      1/2            2     17
62   0.492188      1/2            2     25
63   0.500000      1/2            2     37
64   0.507812      1/2            2     31
65   0.515625      1/2            2     21
66   0.523438     8/15           15      8
67   0.531250     8/15           15      6
68   0.539062     7/13           13      4
69   0.546875     6/11           11      3
70   0.554688      5/9            9      3
71   0.562500      5/9            9     11
72   0.570312      4/7            7      7
73   0.578125     7/12           12      2
74   0.585938     7/12           12      1
75   0.593750      3/5            5      2
76   0.601562      3/5            5      3
77   0.609375     8/13           13      1
78   0.617188     8/13           13      5
79   0.625000      5/8            8      3
80   0.632812     7/11           11      3
81   0.640625     9/14           14      1
82   0.648438     9/14           14      4
83   0.656250      2/3            3      3
84   0.664062      2/3            3      2
85   0.671875      2/3            3      1
86   0.679688     9/13           13      3
87   0.687500     9/13           13      5
88   0.695312     9/13           13      4
89   0.703125     7/10           10      2
90   0.710938      5/7            7      2
91   0.718750      5/7            7      8
92   0.726562     8/11           11      9
93   0.734375    11/15           15     19
94   0.742188      3/4            4     27
95   0.750000      3/4            4     38
96   0.757812      3/4            4     21
97   0.765625    10/13           13     21
98   0.773438    10/13           13     11
99   0.781250      7/9            9      6
100  0.789062    11/14           14      5
101  0.796875      4/5            5      3
102  0.804688      4/5            5      4
103  0.812500     9/11           11      3
104  0.820312     9/11           11      5
105  0.828125      5/6            6      1
106  0.835938      5/6            6      3
107  0.843750    11/13           13      1
108  0.851562    11/13           13      1
109  0.867188    13/15           15      4
110  0.875000      7/8            8      3
111  0.882812      8/9            9      4
112  0.890625      8/9            9      5
113  0.898438     9/10           10      4
114  0.906250    10/11           11      4
115  0.914062    11/12           12      2
116  0.921875    12/13           13      2
117  0.929688    13/14           14      6
118  0.937500    14/15           15      4
119  0.945312    14/15           15      5
120  0.953125    14/15           15      2
121  0.960938    14/15           15      5
122  0.968750      1/1            1      8
123  0.976562      1/1            1      9
124  0.984375      1/1            1     15
125  0.992188      1/1            1     42
    Guess for r  Guess 1  Guess 2  Sum by Guess  Repetition Count
0            14        1        3            35                 8
7             4        3        5           186                 6
17            2        1        3           131                 5
30           12        3        5            14                 5
4             6        1        3            12                 4
22           10        1        3            13                 4
Correct result: 186 out of 391 (47.57% correct)
      Key  Correct percentage
0  0.0033           47.570332
