       Phase Fraction  Guess for r  Count
0   0.000000      0/1            1    222
1   0.007812      0/1            1      2
2   0.015625      0/1            1      2
3   0.031250      0/1            1      1
4   0.046875     1/15           15      1
5   0.070312     1/14           14      1
6   0.125000      1/8            8      1
7   0.156250     2/13           13      1
8   0.218750      2/9            9      2
9   0.234375     3/13           13      3
10  0.242188      1/4            4      4
11  0.250000      1/4            4    232
12  0.257812      1/4            4      4
13  0.265625     4/15           15      2
14  0.273438     3/11           11      1
15  0.281250      2/7            7      4
16  0.312500     4/13           13      3
17  0.359375     5/14           14      1
18  0.367188     4/11           11      1
19  0.453125     5/11           11      1
20  0.468750     7/15           15      4
21  0.484375      1/2            2      3
22  0.492188      1/2            2      7
23  0.500000      1/2            2    239
24  0.507812      1/2            2      2
25  0.515625      1/2            2      2
26  0.531250     8/15           15      1
27  0.546875     6/11           11      1
28  0.593750      3/5            5      1
29  0.625000      5/8            8      1
30  0.687500     9/13           13      2
31  0.710938      5/7            7      1
32  0.726562     8/11           11      1
33  0.734375    11/15           15      6
34  0.742188      3/4            4      3
35  0.750000      3/4            4    240
36  0.757812      3/4            4      4
37  0.765625    10/13           13      1
38  0.812500     9/11           11      1
39  0.875000      7/8            8      4
40  0.953125    14/15           15      1
41  0.960938    14/15           15      1
42  0.976562      1/1            1      1
43  0.984375      1/1            1      2
44  0.992188      1/1            1      6
   Guess for r  Guess 1  Guess 2  Sum by Guess  Repetition Count
1            4        3        5           487                 6
5            2        1        3           253                 5
0           14        1        3             2                 2
        Phase Fraction  Guess for r  Count
0    0.000000      0/1            1     68
1    0.007812      0/1            1     39
2    0.015625      0/1            1     16
3    0.023438      0/1            1     10
4    0.031250      0/1            1     13
5    0.039062     1/15           15      2
6    0.046875     1/15           15      4
7    0.054688     1/15           15      2
8    0.062500     1/15           15      5
9    0.078125     1/13           13      2
10   0.093750     1/11           11      3
11   0.101562     1/10           10      1
12   0.109375      1/9            9      2
13   0.117188      1/9            9      3
14   0.125000      1/8            8      4
15   0.132812     2/15           15      1
16   0.156250     2/13           13      2
17   0.164062      1/6            6      1
18   0.171875      1/6            6      4
19   0.187500     2/11           11      8
20   0.195312      1/5            5      4
21   0.203125      1/5            5      3
22   0.210938     3/14           14      4
23   0.218750      2/9            9     10
24   0.226562     3/13           13     14
25   0.234375     3/13           13     13
26   0.242188      1/4            4     33
27   0.250000      1/4            4     68
28   0.257812      1/4            4     30
29   0.265625     4/15           15     13
30   0.273438     3/11           11     11
31   0.281250      2/7            7     13
32   0.289062      2/7            7      4
33   0.296875     3/10           10      7
34   0.304688     4/13           13      3
35   0.312500     4/13           13      3
36   0.320312     4/13           13      5
37   0.328125      1/3            3      1
38   0.335938      1/3            3      1
39   0.351562     5/14           14      2
40   0.359375     5/14           14      5
41   0.367188     4/11           11      3
42   0.375000      3/8            8      2
43   0.382812     5/13           13      1
44   0.398438      2/5            5      1
45   0.406250      2/5            5      3
46   0.414062     5/12           12      4
47   0.421875     5/12           12      4
48   0.437500      4/9            9      4
49   0.445312      4/9            9      4
50   0.453125     5/11           11      2
51   0.460938     6/13           13      4
52   0.468750     7/15           15      3
53   0.476562     7/15           15      8
54   0.484375      1/2            2     20
55   0.492188      1/2            2     31
56   0.500000      1/2            2     65
57   0.507812      1/2            2     27
58   0.515625      1/2            2     12
59   0.523438     8/15           15     13
60   0.531250     8/15           15      6
61   0.539062     7/13           13      4
62   0.546875     6/11           11      5
63   0.554688      5/9            9      8
64   0.562500      5/9            9      5
65   0.570312      4/7            7      4
66   0.578125     7/12           12      1
67   0.585938     7/12           12      4
68   0.593750      3/5            5      1
69   0.601562      3/5            5      2
70   0.609375     8/13           13      2
71   0.625000      5/8            8      1
72   0.632812     7/11           11      3
73   0.640625     9/14           14      1
74   0.648438     9/14           14      2
75   0.656250      2/3            3      2
76   0.671875      2/3            3      2
77   0.679688     9/13           13      2
78   0.687500     9/13           13      1
79   0.695312     9/13           13      3
80   0.703125     7/10           10      7
81   0.710938      5/7            7      3
82   0.718750      5/7            7     10
83   0.726562     8/11           11     12
84   0.734375    11/15           15     21
85   0.742188      3/4            4     20
86   0.750000      3/4            4     58
87   0.757812      3/4            4     33
88   0.765625    10/13           13     20
89   0.773438    10/13           13     10
90   0.781250      7/9            9      7
91   0.789062    11/14           14      3
92   0.796875      4/5            5      7
93   0.812500     9/11           11      6
94   0.820312     9/11           11      3
95   0.835938      5/6            6      2
96   0.843750    11/13           13      5
97   0.851562    11/13           13      1
98   0.882812      8/9            9      1
99   0.890625      8/9            9      1
100  0.914062    11/12           12      3
101  0.929688    13/14           14      3
102  0.937500    14/15           15      1
103  0.945312    14/15           15      3
104  0.953125    14/15           15      5
105  0.960938    14/15           15      5
106  0.968750      1/1            1     10
107  0.976562      1/1            1      8
108  0.984375      1/1            1     12
109  0.992188      1/1            1     37
    Guess for r  Guess 1  Guess 2  Sum by Guess  Repetition Count
28           14        1        3            20                 7
4             4        3        5           242                 6
17           12        3        5            16                 5
14            2        1        3           155                 5
1             6        1        3             7                 3
21           10        1        3            15                 3
        Phase Fraction  Guess for r  Count
0    0.000000      0/1            1     35
1    0.007812      0/1            1     23
2    0.015625      0/1            1     18
3    0.023438      0/1            1     14
4    0.031250      0/1            1      9
5    0.039062     1/15           15      4
6    0.046875     1/15           15      9
7    0.054688     1/15           15      9
8    0.062500     1/15           15     12
9    0.070312     1/14           14      1
10   0.078125     1/13           13      1
11   0.085938     1/12           12      3
12   0.093750     1/11           11      2
13   0.101562     1/10           10      4
14   0.109375      1/9            9      2
15   0.117188      1/9            9      4
16   0.125000      1/8            8      7
17   0.132812     2/15           15      3
18   0.140625      1/7            7      4
19   0.148438     2/13           13      4
20   0.156250     2/13           13      5
21   0.164062      1/6            6      2
22   0.171875      1/6            6      5
23   0.179688     2/11           11      2
24   0.187500     2/11           11      6
25   0.195312      1/5            5      4
26   0.203125      1/5            5      3
27   0.210938     3/14           14      2
28   0.218750      2/9            9      7
29   0.226562     3/13           13      3
30   0.234375     3/13           13     14
31   0.242188      1/4            4     21
32   0.250000      1/4            4     35
33   0.257812      1/4            4     20
34   0.265625     4/15           15     15
35   0.273438     3/11           11     17
36   0.281250      2/7            7      5
37   0.289062      2/7            7      3
38   0.296875     3/10           10      5
39   0.304688     4/13           13      4
40   0.312500     4/13           13      7
41   0.320312     4/13           13      2
42   0.328125      1/3            3      1
43   0.335938      1/3            3      4
44   0.343750      1/3            3      4
45   0.351562     5/14           14      2
46   0.367188     4/11           11      2
47   0.375000      3/8            8      5
48   0.382812     5/13           13      5
49   0.390625     5/13           13      5
50   0.398438      2/5            5      3
51   0.406250      2/5            5      4
52   0.414062     5/12           12      1
53   0.421875     5/12           12      1
54   0.429688      3/7            7      2
55   0.437500      4/9            9      5
56   0.445312      4/9            9      6
57   0.453125     5/11           11      9
58   0.460938     6/13           13     11
59   0.468750     7/15           15      8
60   0.476562     7/15           15      8
61   0.484375      1/2            2     19
62   0.492188      1/2            2     20
63   0.500000      1/2            2     42
64   0.507812      1/2            2     33
65   0.515625      1/2            2     15
66   0.523438     8/15           15      9
67   0.531250     8/15           15     13
68   0.539062     7/13           13      9
69   0.546875     6/11           11      3
70   0.554688      5/9            9      6
71   0.562500      5/9            9      2
72   0.570312      4/7            7      5
73   0.578125     7/12           12      4
74   0.585938     7/12           12      3
75   0.593750      3/5            5      4
76   0.601562      3/5            5      6
77   0.609375     8/13           13      5
78   0.617188     8/13           13      2
79   0.625000      5/8            8      7
80   0.632812     7/11           11      2
81   0.640625     9/14           14      3
82   0.648438     9/14           14      6
83   0.656250      2/3            3      3
84   0.664062      2/3            3      3
85   0.671875      2/3            3      3
86   0.679688     9/13           13      2
87   0.687500     9/13           13     10
88   0.695312     9/13           13      5
89   0.703125     7/10           10      6
90   0.710938      5/7            7      9
91   0.718750      5/7            7      7
92   0.726562     8/11           11     12
93   0.734375    11/15           15     14
94   0.742188      3/4            4     31
95   0.750000      3/4            4     28
96   0.757812      3/4            4     36
97   0.765625    10/13           13     18
98   0.773438    10/13           13      7
99   0.781250      7/9            9     10
100  0.789062    11/14           14      5
101  0.796875      4/5            5      3
102  0.804688      4/5            5      5
103  0.812500     9/11           11      8
104  0.820312     9/11           11      7
105  0.828125      5/6            6      3
106  0.835938      5/6            6      3
107  0.843750    11/13           13      6
108  0.851562    11/13           13      1
109  0.859375      6/7            7      1
110  0.867188    13/15           15      5
111  0.875000      7/8            8      5
112  0.882812      8/9            9      3
113  0.890625      8/9            9      2
114  0.898438     9/10           10      1
115  0.906250    10/11           11      3
116  0.914062    11/12           12      6
117  0.921875    12/13           13      3
118  0.929688    13/14           14      6
119  0.937500    14/15           15      3
120  0.945312    14/15           15      3
121  0.953125    14/15           15      7
122  0.960938    14/15           15      5
123  0.968750      1/1            1      8
124  0.976562      1/1            1     15
125  0.984375      1/1            1      9
126  0.992188      1/1            1     35
    Guess for r  Guess 1  Guess 2  Sum by Guess  Repetition Count
0            14        1        3            25                 7
6             4        3        5           171                 6
1            12        3        5            18                 6
15            2        1        3           129                 5
4             6        1        3            13                 4
22           10        1        3            16                 4
        Phase Fraction  Guess for r  Count
0    0.000000      0/1            1     35
1    0.007812      0/1            1     23
2    0.015625      0/1            1     20
3    0.023438      0/1            1     10
4    0.031250      0/1            1      5
5    0.039062     1/15           15      9
6    0.046875     1/15           15      6
7    0.054688     1/15           15      5
8    0.062500     1/15           15      7
9    0.070312     1/14           14      4
10   0.078125     1/13           13      2
11   0.085938     1/12           12      4
12   0.093750     1/11           11      3
13   0.101562     1/10           10      6
14   0.109375      1/9            9      5
15   0.117188      1/9            9      6
16   0.125000      1/8            8     11
17   0.132812     2/15           15      3
18   0.140625      1/7            7      3
19   0.148438     2/13           13      5
20   0.156250     2/13           13      1
21   0.164062      1/6            6      6
22   0.171875      1/6            6      5
23   0.179688     2/11           11      3
24   0.187500     2/11           11      9
25   0.195312      1/5            5     10
26   0.203125      1/5            5      6
27   0.210938     3/14           14      4
28   0.218750      2/9            9     10
29   0.226562     3/13           13     10
30   0.234375     3/13           13     16
31   0.242188      1/4            4     22
32   0.250000      1/4            4     30
33   0.257812      1/4            4     22
34   0.265625     4/15           15     17
35   0.273438     3/11           11      9
36   0.281250      2/7            7      6
37   0.289062      2/7            7      6
38   0.296875     3/10           10      5
39   0.304688     4/13           13      3
40   0.312500     4/13           13      4
41   0.320312     4/13           13      7
42   0.328125      1/3            3      2
43   0.335938      1/3            3      3
44   0.343750      1/3            3      6
45   0.351562     5/14           14      7
46   0.359375     5/14           14      4
47   0.367188     4/11           11      2
48   0.375000      3/8            8      6
49   0.382812     5/13           13      4
50   0.390625     5/13           13      3
51   0.398438      2/5            5      2
52   0.406250      2/5            5      4
53   0.414062     5/12           12      2
54   0.421875     5/12           12      2
55   0.429688      3/7            7      5
56   0.437500      4/9            9      5
57   0.445312      4/9            9      4
58   0.453125     5/11           11      8
59   0.460938     6/13           13      4
60   0.468750     7/15           15     13
61   0.476562     7/15           15     13
62   0.484375      1/2            2      8
63   0.492188      1/2            2     15
64   0.500000      1/2            2     23
65   0.507812      1/2            2     21
66   0.515625      1/2            2     17
67   0.523438     8/15           15     18
68   0.531250     8/15           15      9
69   0.539062     7/13           13      8
70   0.546875     6/11           11      7
71   0.554688      5/9            9      5
72   0.562500      5/9            9      5
73   0.570312      4/7            7      7
74   0.578125     7/12           12      6
75   0.585938     7/12           12      6
76   0.593750      3/5            5      3
77   0.601562      3/5            5      4
78   0.609375     8/13           13      4
79   0.617188     8/13           13      5
80   0.625000      5/8            8      4
81   0.632812     7/11           11      8
82   0.640625     9/14           14      3
83   0.648438     9/14           14      2
84   0.656250      2/3            3      5
85   0.664062      2/3            3      3
86   0.671875      2/3            3      5
87   0.679688     9/13           13      1
88   0.687500     9/13           13      5
89   0.695312     9/13           13      8
90   0.703125     7/10           10      7
91   0.710938      5/7            7      3
92   0.718750      5/7            7      8
93   0.726562     8/11           11     10
94   0.734375    11/15           15     16
95   0.742188      3/4            4     19
96   0.750000      3/4            4     24
97   0.757812      3/4            4     23
98   0.765625    10/13           13     12
99   0.773438    10/13           13     11
100  0.781250      7/9            9     11
101  0.789062    11/14           14      7
102  0.796875      4/5            5      9
103  0.804688      4/5            5      2
104  0.812500     9/11           11      4
105  0.820312     9/11           11      5
106  0.828125      5/6            6      5
107  0.835938      5/6            6      3
108  0.843750    11/13           13      3
109  0.851562    11/13           13      6
110  0.859375      6/7            7      2
111  0.867188    13/15           15      2
112  0.875000      7/8            8      6
113  0.882812      8/9            9      9
114  0.890625      8/9            9      1
115  0.898438     9/10           10      3
116  0.906250    10/11           11      3
117  0.914062    11/12           12      4
118  0.921875    12/13           13      5
119  0.929688    13/14           14      5
120  0.937500    14/15           15      8
121  0.945312    14/15           15      6
122  0.953125    14/15           15      6
123  0.960938    14/15           15      9
124  0.968750      1/1            1     12
125  0.976562      1/1            1      9
126  0.984375      1/1            1     19
127  0.992188      1/1            1     30
    Guess for r  Guess 1  Guess 2  Sum by Guess  Repetition Count
0            14        1        3            36                 8
7             4        3        5           140                 6
1            12        3        5            24                 6
17            2        1        3            84                 5
4             6        1        3            19                 4
23           10        1        3            21                 4
        Phase Fraction  Guess for r  Count
0    0.000000      0/1            1     22
1    0.007812      0/1            1     14
2    0.015625      0/1            1     20
3    0.023438      0/1            1     15
4    0.031250      0/1            1     15
5    0.039062     1/15           15      7
6    0.046875     1/15           15     11
7    0.054688     1/15           15      7
8    0.062500     1/15           15     11
9    0.070312     1/14           14      5
10   0.078125     1/13           13      7
11   0.085938     1/12           12     10
12   0.093750     1/11           11      4
13   0.101562     1/10           10      7
14   0.109375      1/9            9      8
15   0.117188      1/9            9      7
16   0.125000      1/8            8      4
17   0.132812     2/15           15      5
18   0.140625      1/7            7      1
19   0.148438     2/13           13      5
20   0.156250     2/13           13      4
21   0.164062      1/6            6      2
22   0.171875      1/6            6      7
23   0.179688     2/11           11      8
24   0.187500     2/11           11      2
25   0.195312      1/5            5     13
26   0.203125      1/5            5      4
27   0.210938     3/14           14      6
28   0.218750      2/9            9      8
29   0.226562     3/13           13      4
30   0.234375     3/13           13     11
31   0.242188      1/4            4     17
32   0.250000      1/4            4     17
33   0.257812      1/4            4     30
34   0.265625     4/15           15     11
35   0.273438     3/11           11     14
36   0.281250      2/7            7      5
37   0.289062      2/7            7      9
38   0.296875     3/10           10      4
39   0.304688     4/13           13      6
40   0.312500     4/13           13      6
41   0.320312     4/13           13      6
42   0.328125      1/3            3      6
43   0.335938      1/3            3      7
44   0.343750      1/3            3      2
45   0.351562     5/14           14      4
46   0.359375     5/14           14      6
47   0.367188     4/11           11      1
48   0.375000      3/8            8      3
49   0.382812     5/13           13      3
50   0.390625     5/13           13      2
51   0.398438      2/5            5      5
52   0.406250      2/5            5      1
53   0.414062     5/12           12      4
54   0.421875     5/12           12      2
55   0.429688      3/7            7      2
56   0.437500      4/9            9      9
57   0.445312      4/9            9      2
58   0.453125     5/11           11      4
59   0.460938     6/13           13      7
60   0.468750     7/15           15     12
61   0.476562     7/15           15      9
62   0.484375      1/2            2     16
63   0.492188      1/2            2     22
64   0.500000      1/2            2     20
65   0.507812      1/2            2     15
66   0.515625      1/2            2      9
67   0.523438     8/15           15     14
68   0.531250     8/15           15     11
69   0.539062     7/13           13      7
70   0.546875     6/11           11      6
71   0.554688      5/9            9      7
72   0.562500      5/9            9      2
73   0.570312      4/7            7      8
74   0.578125     7/12           12      2
75   0.585938     7/12           12      4
76   0.593750      3/5            5      4
77   0.601562      3/5            5      4
78   0.609375     8/13           13      6
79   0.617188     8/13           13      8
80   0.625000      5/8            8      4
81   0.632812     7/11           11      9
82   0.640625     9/14           14      3
83   0.648438     9/14           14      7
84   0.656250      2/3            3      5
85   0.664062      2/3            3      2
86   0.671875      2/3            3      3
87   0.679688     9/13           13      4
88   0.687500     9/13           13      7
89   0.695312     9/13           13      5
90   0.703125     7/10           10      7
91   0.710938      5/7            7      7
92   0.718750      5/7            7      3
93   0.726562     8/11           11     15
94   0.734375    11/15           15     19
95   0.742188      3/4            4     10
96   0.750000      3/4            4     21
97   0.757812      3/4            4     21
98   0.765625    10/13           13     14
99   0.773438    10/13           13     13
100  0.781250      7/9            9      7
101  0.789062    11/14           14     10
102  0.796875      4/5            5      9
103  0.804688      4/5            5      5
104  0.812500     9/11           11     11
105  0.820312     9/11           11      3
106  0.828125      5/6            6      4
107  0.835938      5/6            6      7
108  0.843750    11/13           13      5
109  0.851562    11/13           13      1
110  0.859375      6/7            7     10
111  0.867188    13/15           15      6
112  0.875000      7/8            8      9
113  0.882812      8/9            9      6
114  0.890625      8/9            9      2
115  0.898438     9/10           10      4
116  0.906250    10/11           11      3
117  0.914062    11/12           12      5
118  0.921875    12/13           13      6
119  0.929688    13/14           14      9
120  0.937500    14/15           15      7
121  0.945312    14/15           15      7
122  0.953125    14/15           15      8
123  0.960938    14/15           15     10
124  0.968750      1/1            1     13
125  0.976562      1/1            1     10
126  0.984375      1/1            1     17
127  0.992188      1/1            1     16
    Guess for r  Guess 1  Guess 2  Sum by Guess  Repetition Count
0            14        1        3            50                 8
7             4        3        5           116                 6
1            12        3        5            27                 6
17            2        1        3            82                 5
4             6        1        3            20                 4
23           10        1        3            22                 4
        Phase Fraction  Guess for r  Count
0    0.000000      0/1            1     20
1    0.007812      0/1            1     13
2    0.015625      0/1            1     14
3    0.023438      0/1            1     10
4    0.031250      0/1            1      8
5    0.039062     1/15           15     12
6    0.046875     1/15           15      8
7    0.054688     1/15           15      9
8    0.062500     1/15           15      6
9    0.070312     1/14           14      6
10   0.078125     1/13           13      5
11   0.085938     1/12           12      4
12   0.093750     1/11           11      9
13   0.101562     1/10           10      6
14   0.109375      1/9            9      6
15   0.117188      1/9            9      5
16   0.125000      1/8            8      6
17   0.132812     2/15           15      5
18   0.140625      1/7            7      3
19   0.148438     2/13           13      6
20   0.156250     2/13           13      1
21   0.164062      1/6            6      4
22   0.171875      1/6            6     10
23   0.179688     2/11           11      4
24   0.187500     2/11           11      1
25   0.195312      1/5            5      4
26   0.203125      1/5            5     10
27   0.210938     3/14           14      7
28   0.218750      2/9            9     13
29   0.226562     3/13           13     10
30   0.234375     3/13           13     19
31   0.242188      1/4            4     14
32   0.250000      1/4            4     21
33   0.257812      1/4            4     11
34   0.265625     4/15           15     15
35   0.273438     3/11           11      3
36   0.281250      2/7            7     11
37   0.289062      2/7            7     14
38   0.296875     3/10           10     12
39   0.304688     4/13           13      6
40   0.312500     4/13           13      5
41   0.320312     4/13           13      6
42   0.328125      1/3            3      5
43   0.335938      1/3            3      3
44   0.343750      1/3            3      4
45   0.351562     5/14           14      8
46   0.359375     5/14           14      3
47   0.367188     4/11           11      3
48   0.375000      3/8            8      6
49   0.382812     5/13           13      2
50   0.390625     5/13           13      6
51   0.398438      2/5            5      6
52   0.406250      2/5            5      6
53   0.414062     5/12           12      3
54   0.421875     5/12           12      6
55   0.429688      3/7            7      3
56   0.437500      4/9            9      5
57   0.445312      4/9            9      6
58   0.453125     5/11           11     12
59   0.460938     6/13           13     11
60   0.468750     7/15           15      8
61   0.476562     7/15           15     15
62   0.484375      1/2            2     15
63   0.492188      1/2            2      8
64   0.500000      1/2            2     18
65   0.507812      1/2            2     13
66   0.515625      1/2            2     17
67   0.523438     8/15           15     20
68   0.531250     8/15           15      8
69   0.539062     7/13           13     10
70   0.546875     6/11           11      1
71   0.554688      5/9            9      5
72   0.562500      5/9            9      3
73   0.570312      4/7            7      9
74   0.578125     7/12           12     10
75   0.585938     7/12           12      5
76   0.593750      3/5            5      6
77   0.601562      3/5            5      7
78   0.609375     8/13           13      4
79   0.617188     8/13           13      6
80   0.625000      5/8            8      3
81   0.632812     7/11           11      8
82   0.640625     9/14           14      5
83   0.648438     9/14           14      3
84   0.656250      2/3            3      4
85   0.664062      2/3            3      8
86   0.671875      2/3            3      7
87   0.679688     9/13           13      8
88   0.687500     9/13           13     10
89   0.695312     9/13           13      7
90   0.703125     7/10           10      7
91   0.710938      5/7            7      9
92   0.718750      5/7            7     15
93   0.726562     8/11           11     13
94   0.734375    11/15           15     12
95   0.742188      3/4            4     13
96   0.750000      3/4            4     12
97   0.757812      3/4            4     16
98   0.765625    10/13           13      7
99   0.773438    10/13           13      9
100  0.781250      7/9            9     11
101  0.789062    11/14           14     13
102  0.796875      4/5            5      9
103  0.804688      4/5            5      5
104  0.812500     9/11           11      9
105  0.820312     9/11           11      7
106  0.828125      5/6            6      2
107  0.835938      5/6            6      5
108  0.843750    11/13           13      5
109  0.851562    11/13           13      2
110  0.859375      6/7            7      7
111  0.867188    13/15           15      7
112  0.875000      7/8            8      7
113  0.882812      8/9            9      3
114  0.890625      8/9            9      2
115  0.898438     9/10           10      8
116  0.906250    10/11           11      4
117  0.914062    11/12           12      7
118  0.921875    12/13           13      3
119  0.929688    13/14           14      7
120  0.937500    14/15           15      5
121  0.945312    14/15           15      4
122  0.953125    14/15           15      6
123  0.960938    14/15           15     10
124  0.968750      1/1            1      9
125  0.976562      1/1            1     12
126  0.984375      1/1            1     17
127  0.992188      1/1            1     14
    Guess for r  Guess 1  Guess 2  Sum by Guess  Repetition Count
0            14        1        3            52                 8
7             4        3        5            87                 6
1            12        3        5            35                 6
17            2        1        3            71                 5
4             6        1        3            21                 4
23           10        1        3            33                 4
Correct result: 87 out of 299 (29.10% correct)
       Key  Correct percentage
0   0.0001           65.633423
1  0.00208           53.186813
2  0.00406           45.967742
3  0.00604           43.209877
4  0.00802           36.593060
5     0.01           29.096990
