      Phase Fraction  Guess for r  Count
0  0.000000      0/1            1    243
1  0.242188      1/4            4      1
2  0.250000      1/4            4    237
3  0.476562     7/15           15      1
4  0.484375      1/2            2      1
5  0.492188      1/2            2      1
6  0.500000      1/2            2    272
7  0.734375    11/15           15      1
8  0.750000      3/4            4    267
   Guess for r  Guess 1  Guess 2  Sum by Guess  Repetition Count
0            4        3        5           505                 3
2            2        1        3           274                 3
       Phase Fraction  Guess for r  Count
0   0.000000      0/1            1    229
1   0.007812      0/1            1      8
2   0.015625      0/1            1      2
3   0.023438      0/1            1      3
4   0.031250      0/1            1      2
5   0.046875     1/15           15      1
6   0.062500     1/15           15      2
7   0.093750     1/11           11      1
8   0.125000      1/8            8      2
9   0.164062      1/6            6      1
10  0.187500     2/11           11      2
11  0.203125      1/5            5      1
12  0.218750      2/9            9      1
13  0.226562     3/13           13      2
14  0.234375     3/13           13      2
15  0.242188      1/4            4      4
16  0.250000      1/4            4    198
17  0.257812      1/4            4     13
18  0.265625     4/15           15      1
19  0.273438     3/11           11      1
20  0.281250      2/7            7      3
21  0.296875     3/10           10      2
22  0.304688     4/13           13      1
23  0.312500     4/13           13      2
24  0.375000      3/8            8      4
25  0.406250      2/5            5      1
26  0.437500      4/9            9      2
27  0.468750     7/15           15      6
28  0.476562     7/15           15      1
29  0.484375      1/2            2      2
30  0.492188      1/2            2      6
31  0.500000      1/2            2    231
32  0.507812      1/2            2     10
33  0.515625      1/2            2      4
34  0.523438     8/15           15      2
35  0.531250     8/15           15      4
36  0.546875     6/11           11      1
37  0.554688      5/9            9      1
38  0.562500      5/9            9      1
39  0.578125     7/12           12      1
40  0.601562      3/5            5      1
41  0.617188     8/13           13      1
42  0.625000      5/8            8      3
43  0.664062      2/3            3      1
44  0.671875      2/3            3      1
45  0.687500     9/13           13      1
46  0.703125     7/10           10      1
47  0.710938      5/7            7      1
48  0.718750      5/7            7      5
49  0.726562     8/11           11      2
50  0.734375    11/15           15      5
51  0.742188      3/4            4      8
52  0.750000      3/4            4    182
53  0.757812      3/4            4     10
54  0.765625    10/13           13      6
55  0.781250      7/9            9      3
56  0.804688      4/5            5      1
57  0.812500     9/11           11      1
58  0.859375      6/7            7      1
59  0.875000      7/8            8      2
60  0.890625      8/9            9      1
61  0.906250    10/11           11      1
62  0.937500    14/15           15      3
63  0.968750      1/1            1      1
64  0.984375      1/1            1      6
65  0.992188      1/1            1     15
    Guess for r  Guess 1  Guess 2  Sum by Guess  Repetition Count
1             4        3        5           415                 6
5             2        1        3           253                 5
4            10        1        3             3                 2
0             6        1        3             1                 1
10           12        3        5             1                 1
       Phase Fraction  Guess for r  Count
0   0.000000      0/1            1    203
1   0.007812      0/1            1      7
2   0.015625      0/1            1      5
3   0.023438      0/1            1      6
4   0.031250      0/1            1      3
5   0.039062     1/15           15      1
6   0.046875     1/15           15      1
7   0.054688     1/15           15      1
8   0.062500     1/15           15      2
9   0.070312     1/14           14      1
10  0.078125     1/13           13      1
11  0.093750     1/11           11      1
12  0.117188      1/9            9      1
13  0.156250     2/13           13      1
14  0.187500     2/11           11      2
15  0.203125      1/5            5      1
16  0.218750      2/9            9      4
17  0.226562     3/13           13      2
18  0.234375     3/13           13      6
19  0.242188      1/4            4     15
20  0.250000      1/4            4    168
21  0.257812      1/4            4     20
22  0.265625     4/15           15      2
23  0.273438     3/11           11      4
24  0.281250      2/7            7      4
25  0.289062      2/7            7      1
26  0.312500     4/13           13      4
27  0.335938      1/3            3      1
28  0.351562     5/14           14      1
29  0.375000      3/8            8      3
30  0.390625     5/13           13      1
31  0.406250      2/5            5      1
32  0.421875     5/12           12      2
33  0.437500      4/9            9      4
34  0.453125     5/11           11      1
35  0.460938     6/13           13      1
36  0.468750     7/15           15      2
37  0.476562     7/15           15      3
38  0.484375      1/2            2      6
39  0.492188      1/2            2      8
40  0.500000      1/2            2    163
41  0.507812      1/2            2     17
42  0.515625      1/2            2      6
43  0.523438     8/15           15      1
44  0.531250     8/15           15      3
45  0.539062     7/13           13      1
46  0.546875     6/11           11      2
47  0.554688      5/9            9      1
48  0.562500      5/9            9      1
49  0.570312      4/7            7      1
50  0.585938     7/12           12      1
51  0.593750      3/5            5      1
52  0.601562      3/5            5      1
53  0.625000      5/8            8      2
54  0.656250      2/3            3      1
55  0.671875      2/3            3      3
56  0.679688     9/13           13      1
57  0.687500     9/13           13      1
58  0.695312     9/13           13      1
59  0.710938      5/7            7      1
60  0.718750      5/7            7      5
61  0.734375    11/15           15     11
62  0.742188      3/4            4     17
63  0.750000      3/4            4    188
64  0.757812      3/4            4     27
65  0.765625    10/13           13      9
66  0.773438    10/13           13      1
67  0.781250      7/9            9      4
68  0.789062    11/14           14      1
69  0.796875      4/5            5      1
70  0.812500     9/11           11      2
71  0.820312     9/11           11      2
72  0.828125      5/6            6      1
73  0.851562    11/13           13      1
74  0.875000      7/8            8      4
75  0.882812      8/9            9      1
76  0.890625      8/9            9      1
77  0.921875    12/13           13      1
78  0.929688    13/14           14      1
79  0.937500    14/15           15      4
80  0.945312    14/15           15      2
81  0.953125    14/15           15      1
82  0.960938    14/15           15      3
83  0.968750      1/1            1      5
84  0.976562      1/1            1      1
85  0.984375      1/1            1      7
86  0.992188      1/1            1     13
    Guess for r  Guess 1  Guess 2  Sum by Guess  Repetition Count
12            4        3        5           435                 6
9             2        1        3           200                 5
15           14        1        3             4                 4
11           12        3        5             3                 2
16            6        1        3             1                 1
       Phase Fraction  Guess for r  Count
0   0.000000      0/1            1    176
1   0.007812      0/1            1     18
2   0.015625      0/1            1      7
3   0.023438      0/1            1      1
4   0.031250      0/1            1      5
5   0.039062     1/15           15      1
6   0.046875     1/15           15      1
7   0.062500     1/15           15      1
8   0.078125     1/13           13      1
9   0.093750     1/11           11      2
10  0.101562     1/10           10      1
11  0.109375      1/9            9      2
12  0.125000      1/8            8      3
13  0.140625      1/7            7      1
14  0.148438     2/13           13      1
15  0.156250     2/13           13      1
16  0.164062      1/6            6      1
17  0.187500     2/11           11      7
18  0.195312      1/5            5      1
19  0.203125      1/5            5      1
20  0.210938     3/14           14      1
21  0.218750      2/9            9      5
22  0.226562     3/13           13      3
23  0.234375     3/13           13     12
24  0.242188      1/4            4     20
25  0.250000      1/4            4    140
26  0.257812      1/4            4     19
27  0.265625     4/15           15     15
28  0.273438     3/11           11      5
29  0.281250      2/7            7      8
30  0.296875     3/10           10      1
31  0.320312     4/13           13      3
32  0.328125      1/3            3      2
33  0.335938      1/3            3      1
34  0.351562     5/14           14      1
35  0.359375     5/14           14      1
36  0.375000      3/8            8      2
37  0.382812     5/13           13      2
38  0.390625     5/13           13      1
39  0.406250      2/5            5      1
40  0.437500      4/9            9      3
41  0.445312      4/9            9      1
42  0.453125     5/11           11      2
43  0.460938     6/13           13      1
44  0.468750     7/15           15      6
45  0.476562     7/15           15      3
46  0.484375      1/2            2     13
47  0.492188      1/2            2     15
48  0.500000      1/2            2    160
49  0.507812      1/2            2     29
50  0.515625      1/2            2     10
51  0.523438     8/15           15      4
52  0.531250     8/15           15      4
53  0.539062     7/13           13      3
54  0.562500      5/9            9      3
55  0.578125     7/12           12      1
56  0.601562      3/5            5      1
57  0.617188     8/13           13      2
58  0.625000      5/8            8      1
59  0.640625     9/14           14      1
60  0.679688     9/13           13      1
61  0.687500     9/13           13      3
62  0.695312     9/13           13      1
63  0.703125     7/10           10      5
64  0.710938      5/7            7      3
65  0.718750      5/7            7      6
66  0.726562     8/11           11      6
67  0.734375    11/15           15      7
68  0.742188      3/4            4     19
69  0.750000      3/4            4    141
70  0.757812      3/4            4     20
71  0.765625    10/13           13     12
72  0.773438    10/13           13      4
73  0.781250      7/9            9      1
74  0.804688      4/5            5      3
75  0.812500     9/11           11      1
76  0.820312     9/11           11      1
77  0.851562    11/13           13      1
78  0.859375      6/7            7      1
79  0.867188    13/15           15      1
80  0.875000      7/8            8      2
81  0.890625      8/9            9      1
82  0.906250    10/11           11      2
83  0.921875    12/13           13      3
84  0.937500    14/15           15      5
85  0.953125    14/15           15      1
86  0.960938    14/15           15      1
87  0.968750      1/1            1      8
88  0.976562      1/1            1      3
89  0.984375      1/1            1     10
90  0.992188      1/1            1     13
    Guess for r  Guess 1  Guess 2  Sum by Guess  Repetition Count
19            4        3        5           359                 6
11            2        1        3           227                 5
8            14        1        3             4                 4
16           10        1        3             7                 3
1             6        1        3             1                 1
14           12        3        5             1                 1
       Phase Fraction  Guess for r  Count
0   0.000000      0/1            1    158
1   0.007812      0/1            1     20
2   0.015625      0/1            1     15
3   0.023438      0/1            1      7
4   0.031250      0/1            1      9
5   0.046875     1/15           15      1
6   0.054688     1/15           15      2
7   0.062500     1/15           15      3
8   0.070312     1/14           14      1
9   0.078125     1/13           13      3
10  0.125000      1/8            8      3
11  0.132812     2/15           15      1
12  0.156250     2/13           13      4
13  0.171875      1/6            6      1
14  0.179688     2/11           11      1
15  0.187500     2/11           11      1
16  0.195312      1/5            5      2
17  0.203125      1/5            5      1
18  0.210938     3/14           14      6
19  0.218750      2/9            9      7
20  0.226562     3/13           13      6
21  0.234375     3/13           13     13
22  0.242188      1/4            4     27
23  0.250000      1/4            4    126
24  0.257812      1/4            4     31
25  0.265625     4/15           15     10
26  0.273438     3/11           11      9
27  0.281250      2/7            7      4
28  0.289062      2/7            7      2
29  0.296875     3/10           10      1
30  0.312500     4/13           13      3
31  0.320312     4/13           13      1
32  0.328125      1/3            3      3
33  0.335938      1/3            3      1
34  0.343750      1/3            3      3
35  0.351562     5/14           14      1
36  0.367188     4/11           11      1
37  0.375000      3/8            8      3
38  0.382812     5/13           13      2
39  0.398438      2/5            5      1
40  0.406250      2/5            5      4
41  0.421875     5/12           12      1
42  0.429688      3/7            7      1
43  0.437500      4/9            9      3
44  0.445312      4/9            9      1
45  0.453125     5/11           11      1
46  0.468750     7/15           15      7
47  0.476562     7/15           15      4
48  0.484375      1/2            2     12
49  0.492188      1/2            2     19
50  0.500000      1/2            2    118
51  0.507812      1/2            2     15
52  0.515625      1/2            2     11
53  0.523438     8/15           15      6
54  0.531250     8/15           15      6
55  0.546875     6/11           11      1
56  0.554688      5/9            9      3
57  0.562500      5/9            9      3
58  0.570312      4/7            7      1
59  0.593750      3/5            5      1
60  0.625000      5/8            8      4
61  0.632812     7/11           11      1
62  0.640625     9/14           14      2
63  0.656250      2/3            3      2
64  0.679688     9/13           13      1
65  0.687500     9/13           13      3
66  0.703125     7/10           10      2
67  0.710938      5/7            7      2
68  0.718750      5/7            7      9
69  0.726562     8/11           11      6
70  0.734375    11/15           15     12
71  0.742188      3/4            4     18
72  0.750000      3/4            4    134
73  0.757812      3/4            4     25
74  0.765625    10/13           13     10
75  0.773438    10/13           13      7
76  0.781250      7/9            9      5
77  0.796875      4/5            5      4
78  0.804688      4/5            5      3
79  0.812500     9/11           11      5
80  0.820312     9/11           11      2
81  0.828125      5/6            6      4
82  0.843750    11/13           13      3
83  0.859375      6/7            7      1
84  0.875000      7/8            8      2
85  0.882812      8/9            9      2
86  0.906250    10/11           11      1
87  0.929688    13/14           14      1
88  0.937500    14/15           15      3
89  0.953125    14/15           15      3
90  0.968750      1/1            1      3
91  0.976562      1/1            1      3
92  0.984375      1/1            1     11
93  0.992188      1/1            1     18
    Guess for r  Guess 1  Guess 2  Sum by Guess  Repetition Count
18            4        3        5           361                 6
0            14        1        3            11                 5
11            2        1        3           175                 5
1             6        1        3             5                 2
15           10        1        3             3                 2
8            12        3        5             1                 1
        Phase Fraction  Guess for r  Count
0    0.000000      0/1            1    128
1    0.007812      0/1            1     27
2    0.015625      0/1            1     12
3    0.023438      0/1            1      5
4    0.031250      0/1            1      3
5    0.039062     1/15           15      2
6    0.054688     1/15           15      1
7    0.070312     1/14           14      1
8    0.078125     1/13           13      1
9    0.085938     1/12           12      1
10   0.093750     1/11           11      2
11   0.109375      1/9            9      2
12   0.125000      1/8            8      6
13   0.140625      1/7            7      1
14   0.148438     2/13           13      1
15   0.156250     2/13           13      1
16   0.179688     2/11           11      2
17   0.187500     2/11           11      2
18   0.195312      1/5            5      3
19   0.203125      1/5            5      4
20   0.210938     3/14           14      4
21   0.218750      2/9            9      4
22   0.226562     3/13           13      8
23   0.234375     3/13           13     15
24   0.242188      1/4            4     25
25   0.250000      1/4            4     99
26   0.257812      1/4            4     26
27   0.265625     4/15           15     16
28   0.273438     3/11           11      6
29   0.281250      2/7            7      8
30   0.289062      2/7            7      1
31   0.296875     3/10           10      2
32   0.304688     4/13           13      3
33   0.312500     4/13           13      5
34   0.328125      1/3            3      1
35   0.335938      1/3            3      1
36   0.351562     5/14           14      2
37   0.359375     5/14           14      1
38   0.367188     4/11           11      2
39   0.375000      3/8            8      5
40   0.382812     5/13           13      1
41   0.390625     5/13           13      1
42   0.406250      2/5            5      2
43   0.421875     5/12           12      1
44   0.429688      3/7            7      3
45   0.437500      4/9            9      5
46   0.445312      4/9            9      3
47   0.453125     5/11           11      4
48   0.460938     6/13           13      5
49   0.468750     7/15           15      5
50   0.476562     7/15           15      4
51   0.484375      1/2            2     14
52   0.492188      1/2            2     23
53   0.500000      1/2            2    125
54   0.507812      1/2            2     27
55   0.515625      1/2            2      9
56   0.523438     8/15           15      3
57   0.531250     8/15           15      6
58   0.539062     7/13           13      3
59   0.546875     6/11           11      1
60   0.554688      5/9            9      2
61   0.562500      5/9            9      3
62   0.570312      4/7            7      2
63   0.578125     7/12           12      1
64   0.601562      3/5            5      1
65   0.617188     8/13           13      1
66   0.625000      5/8            8      1
67   0.640625     9/14           14      1
68   0.648438     9/14           14      2
69   0.656250      2/3            3      1
70   0.664062      2/3            3      1
71   0.671875      2/3            3      1
72   0.679688     9/13           13      1
73   0.687500     9/13           13      2
74   0.695312     9/13           13      4
75   0.703125     7/10           10      2
76   0.710938      5/7            7      2
77   0.718750      5/7            7      5
78   0.726562     8/11           11      6
79   0.734375    11/15           15     16
80   0.742188      3/4            4     28
81   0.750000      3/4            4    123
82   0.757812      3/4            4     37
83   0.765625    10/13           13      8
84   0.773438    10/13           13      6
85   0.781250      7/9            9      4
86   0.789062    11/14           14      3
87   0.796875      4/5            5      3
88   0.804688      4/5            5      2
89   0.812500     9/11           11      3
90   0.820312     9/11           11      1
91   0.828125      5/6            6      1
92   0.843750    11/13           13      1
93   0.867188    13/15           15      1
94   0.875000      7/8            8      2
95   0.882812      8/9            9      2
96   0.890625      8/9            9      1
97   0.898438     9/10           10      1
98   0.906250    10/11           11      1
99   0.921875    12/13           13      2
100  0.929688    13/14           14      1
101  0.937500    14/15           15      4
102  0.945312    14/15           15      3
103  0.953125    14/15           15      2
104  0.968750      1/1            1      4
105  0.976562      1/1            1      3
106  0.984375      1/1            1      7
107  0.992188      1/1            1     31
    Guess for r  Guess 1  Guess 2  Sum by Guess  Repetition Count
0            14        1        3            15                 8
4             4        3        5           338                 6
13            2        1        3           198                 5
15           12        3        5             3                 3
18           10        1        3             5                 3
23            6        1        3             1                 1
Correct result: 338 out of 560 (60.36% correct)
        Key  Correct percentage
0     1e-05           64.826701
1  0.000208           61.664190
2  0.000406           67.651633
3  0.000604           59.933222
4  0.000802           64.928058
5     0.001           60.357143
