        Phase Fraction  Guess for r  Count
0    0.000000      0/1            1      9
1    0.000488      0/1            1     11
2    0.000977      0/1            1      6
3    0.001465      0/1            1      5
4    0.001953      0/1            1      4
5    0.002441    1/255          255      4
6    0.002930    1/255          255      1
7    0.003418    1/255          255      1
8    0.003906    1/255          255      4
9    0.004395    1/228          228      2
10   0.004883    1/205          205      2
11   0.006348    1/158          158      2
12   0.006836    1/146          146      1
13   0.007324    1/137          137      1
14   0.008301    2/241          241      1
15   0.008789    1/114          114      3
16   0.009277    1/108          108      2
17   0.009766    2/205          205      1
18   0.010742     1/93           93      2
19   0.011230     1/89           89      1
20   0.014160    3/212          212      1
21   0.014648    3/205          205      1
22   0.018066    3/166          166      1
23   0.021484     2/93           93      1
24   0.025391    5/197          197      1
25   0.028320    3/106          106      1
26   0.028809    7/243          243      1
27   0.031738     2/63           63      2
28   0.040527     3/74           74      1
29   0.046875     3/64           64      1
30   0.057617   14/243          243      1
31   0.061035   13/213          213      1
32   0.062012    8/129          129      1
33   0.064453     2/31           31      1
34   0.067383   13/193          193      1
35   0.072266     6/83           83      1
36   0.092773     9/97           97      1
37   0.093750     3/32           32      1
38   0.100098     1/10           10      1
39   0.100586   17/169          169      1
40   0.106445   23/216          216      1
41   0.108398   22/203          203      1
42   0.108887   27/248          248      2
43   0.110352   16/145          145      2
44   0.111328      1/9            9      1
45   0.111816   18/161          161      1
46   0.114258     4/35           35      1
47   0.115234   28/243          243      1
48   0.115723   25/216          216      2
49   0.116211   28/241          241      1
50   0.116699     7/60           60      2
51   0.117188   15/128          128      1
52   0.118164   13/110          110      1
53   0.118652     7/59           59      2
54   0.119141   28/235          235      1
55   0.119629   25/209          209      3
56   0.120117   28/233          233      1
57   0.120605   24/199          199      5
58   0.121094   27/223          223      2
59   0.121582   31/255          255      3
60   0.122070   26/213          213      2
61   0.122559   25/204          204      1
62   0.123047     8/65           65      2
63   0.124023   16/129          129      8
64   0.124512   31/249          249      2
65   0.125000      1/8            8     12
66   0.125488   32/255          255      5
67   0.125977   16/127          127      3
68   0.126465   32/253          253      6
69   0.126953     8/63           63      4
70   0.127441   13/102          102      6
71   0.127930    11/86           86      3
72   0.128418   14/109          109      1
73   0.129395    11/85           85      1
74   0.130859   14/107          107      1
75   0.131348   31/236          236      1
76   0.132324     9/68           68      2
77   0.134766   19/141          141      1
78   0.136230   32/235          235      1
79   0.137207   31/226          226      1
80   0.137695   19/138          138      1
81   0.139648   31/222          222      1
82   0.141113   23/163          163      2
83   0.146484   23/157          157      1
84   0.151855   29/191          191      1
85   0.156738   29/185          185      2
86   0.157227   25/159          159      1
87   0.162598   20/123          123      1
88   0.170898   27/158          158      1
89   0.180664   43/238          238      1
90   0.182617   21/115          115      1
91   0.184082   37/201          201      1
92   0.186523   36/193          193      1
93   0.187500     3/16           16      1
94   0.189453    18/95           95      1
95   0.199219   50/251          251      1
96   0.202637   46/227          227      1
97   0.203125    13/64           64      1
98   0.208984    14/67           67      2
99   0.212891   33/155          155      1
100  0.216309   53/245          245      2
101  0.216797   31/143          143      1
102  0.218262   55/252          252      1
103  0.219727   49/223          223      1
104  0.222656   55/247          247      1
105  0.227051   47/207          207      1
106  0.228516     8/35           35      1
107  0.233887   29/124          124      2
108  0.234863   31/132          132      1
109  0.235352     4/17           17      1
110  0.235840   25/106          106      2
111  0.236328    13/55           55      1
112  0.238770   53/222          222      1
113  0.239746   41/171          171      1
114  0.243164   62/255          255      1
115  0.244141   52/213          213      2
116  0.244629   57/233          233      1
117  0.245117   25/102          102      1
118  0.245605    14/57           57      1
119  0.246094   47/191          191      1
120  0.246582    18/73           73      2
121  0.247070    21/85           85      1
122  0.247559   51/206          206      4
123  0.248047   32/129          129      7
124  0.248535   42/169          169      4
125  0.249023   63/253          253      3
126  0.249512      1/4            4      3
127  0.250000      1/4            4      5
128  0.250488      1/4            4      7
129  0.250977   64/255          255      2
130  0.251465   43/171          171      4
131  0.251953   32/127          127      4
132  0.252441   26/103          103      3
133  0.252930   43/170          170      5
134  0.253418   37/146          146      2
135  0.253906   49/193          193      2
136  0.254395   29/114          114      1
137  0.254883    13/51           51      1
138  0.256348   61/238          238      1
139  0.257324   44/171          171      2
140  0.257812   33/128          128      2
141  0.258301   39/151          151      1
142  0.260254    19/73           73      2
143  0.260742   61/234          234      1
144  0.261230   64/245          245      2
145  0.262695   31/118          118      1
146  0.263184     5/19           19      1
147  0.263672   53/201          201      1
148  0.264160    14/53           53      1
149  0.267090   43/161          161      1
150  0.268555   47/175          175      1
151  0.270020   27/100          100      2
152  0.270508   33/122          122      1
153  0.274902   69/251          251      1
154  0.275391    19/69           69      1
155  0.280273   44/157          157      1
156  0.296387   75/253          253      1
157  0.296875    19/64           64      1
158  0.301270   47/156          156      1
159  0.302246   68/225          225      1
160  0.303223   47/155          155      1
161  0.309570    13/42           42      1
162  0.311035   79/254          254      1
163  0.311523   62/199          199      1
164  0.312988   41/131          131      1
165  0.320312   41/128          128      1
166  0.323730   45/139          139      1
167  0.329102    26/79           79      1
168  0.330078   34/103          103      1
169  0.331055   48/145          145      1
170  0.340332   81/238          238      1
171  0.345215    29/84           84      1
172  0.346191     9/26           26      1
173  0.346680    26/75           75      2
174  0.347656   81/233          233      1
175  0.350586   61/174          174      1
176  0.351074    33/94           94      1
177  0.352539   49/139          139      1
178  0.355469   75/211          211      1
179  0.356934   91/255          255      1
180  0.358398   81/226          226      1
181  0.360352   40/111          111      1
182  0.363281   89/245          245      1
183  0.364746   89/244          244      1
184  0.365234   42/115          115      1
185  0.366699    11/30           30      1
186  0.367188   47/128          128      1
187  0.368164   74/201          201      1
188  0.368652   87/236          236      1
189  0.369141   55/149          149      2
190  0.370605   63/170          170      2
191  0.371094   59/159          159      1
192  0.371582   68/183          183      3
193  0.372070    16/43           43      1
194  0.372559    19/51           51      1
195  0.373047   72/193          193      3
196  0.373535   65/174          174      3
197  0.374023   95/254          254      4
198  0.374512   94/251          251      6
199  0.375000      3/8            8      6
200  0.375488   95/253          253      9
201  0.375977   47/125          125     11
202  0.376465    32/85           85      8
203  0.376953   72/191          191      3
204  0.377441   77/204          204      3
205  0.377930   65/172          172      3
206  0.378418    14/37           37      2
207  0.378906   61/161          161      3
208  0.379395   96/253          253      2
209  0.381348   45/118          118      1
210  0.381836    21/55           55      1
211  0.382324    13/34           34      1
212  0.382812   49/128          128      2
213  0.383301    23/60           60      2
214  0.385254   47/122          122      1
215  0.386719   70/181          181      1
216  0.387695   88/227          227      1
217  0.389648   83/213          213      1
218  0.390137   87/223          223      2
219  0.391113   88/225          225      1
220  0.392090   89/227          227      1
221  0.396484   90/227          227      1
222  0.404785    17/42           42      1
223  0.405273   77/190          190      1
224  0.406738   85/209          209      1
225  0.408691   47/115          115      1
226  0.410645   85/207          207      1
227  0.418945    31/74           74      1
228  0.428223  107/250          250      1
229  0.428711      3/7            7      1
230  0.430664   59/137          137      2
231  0.436035   75/172          172      1
232  0.437500     7/16           16      1
233  0.437988   53/121          121      2
234  0.439941    11/25           25      2
235  0.440430   85/193          193      1
236  0.443359   90/203          203      1
237  0.453613    44/97           97      1
238  0.455566    41/90           90      1
239  0.457520   70/153          153      1
240  0.464844   86/185          185      1
241  0.467773    29/62           62      1
242  0.468262   59/126          126      1
243  0.468750    15/32           32      1
244  0.469238   61/130          130      1
245  0.470215   71/151          151      1
246  0.473633     9/19           19      1
247  0.477539   85/178          178      1
248  0.478516   78/163          163      1
249  0.484375    31/64           64      1
250  0.484863    16/33           33      1
251  0.485352  116/239          239      1
252  0.486328   89/183          183      2
253  0.486816    37/76           76      1
254  0.488281  104/213          213      1
255  0.491211    28/57           57      1
256  0.492188   63/128          128      1
257  0.492676  101/205          205      1
258  0.493164    36/73           73      2
259  0.494141    42/85           85      2
260  0.494629    46/93           93      2
261  0.495605  113/228          228      1
262  0.496094   64/129          129      1
263  0.496582   73/147          147      2
264  0.497070   85/171          171      2
265  0.497559  102/205          205      2
266  0.498047  127/255          255      2
267  0.498535  127/255          255      8
268  0.499023      1/2            2      7
269  0.499512      1/2            2      8
270  0.500000      1/2            2      8
271  0.500488      1/2            2     11
272  0.500977      1/2            2      8
273  0.501465  128/255          255      1
274  0.501953  128/255          255      5
275  0.502441  103/205          205      2
276  0.502930   86/171          171      3
277  0.503418   74/147          147      4
278  0.503906   65/129          129      1
279  0.504883  103/204          204      1
280  0.505371    47/93           93      2
281  0.506348    40/79           79      4
282  0.507324  104/205          205      1
283  0.507812   65/128          128      2
284  0.508789    29/57           57      1
285  0.509766    26/51           51      1
286  0.510742   95/186          186      1
287  0.513184    39/76           76      1
288  0.514648  123/239          239      1
289  0.515137    17/33           33      2
290  0.517090  121/234          234      1
291  0.523926  131/250          250      1
292  0.525391    31/59           59      1
293  0.530273    35/66           66      2
294  0.531250    17/32           32      1
295  0.533691  103/193          193      1
296  0.534180  125/234          234      1
297  0.536133   89/166          166      1
298  0.536621    22/41           41      1
299  0.538574     7/13           13      1
300  0.560547  125/223          223      1
301  0.562500     9/16           16      2
302  0.564941   87/154          154      2
303  0.578125    37/64           64      2
304  0.583984   73/125          125      1
305  0.584961  148/253          253      1
306  0.591797    29/49           49      1
307  0.592773  115/194          194      1
308  0.599121  136/227          227      1
309  0.600586  152/253          253      1
310  0.601562   77/128          128      1
311  0.602539    47/78           78      1
312  0.607422   82/135          135      1
313  0.608398   87/143          143      2
314  0.609375    39/64           64      2
315  0.611328  151/247          247      1
316  0.612305  139/227          227      2
317  0.615234     8/13           13      2
318  0.616211  114/185          185      1
319  0.617188   79/128          128      2
320  0.618652   73/118          118      1
321  0.619629  101/163          163      2
322  0.620117  111/179          179      2
323  0.620605  157/253          253      3
324  0.621094  100/161          161      1
325  0.621582    23/37           37      2
326  0.622070  107/172          172      2
327  0.622559  127/204          204      3
328  0.623047  119/191          191      6
329  0.623535    53/85           85      6
330  0.624023   78/125          125      7
331  0.624512  158/253          253      5
332  0.625000      5/8            8      9
333  0.625488  157/251          251      9
334  0.625977  159/254          254      6
335  0.626465  109/174          174      4
336  0.626953  121/193          193      1
337  0.627441    32/51           51      5
338  0.627930    27/43           43      4
339  0.628418  115/183          183      1
340  0.628906  100/159          159      1
341  0.629883   97/154          154      3
342  0.631836  127/201          201      1
343  0.632324    43/68           68      1
344  0.633301    19/30           30      1
345  0.634277  111/175          175      1
346  0.634766   73/115          115      1
347  0.635742   96/151          151      2
348  0.636719  156/245          245      1
349  0.638672   76/119          119      1
350  0.639160    62/97           97      1
351  0.641602  145/226          226      1
352  0.643555   65/101          101      1
353  0.652344  152/233          233      1
354  0.672363  158/235          235      1
355  0.673828  157/233          233      1
356  0.675781  148/219          219      1
357  0.680176  151/222          222      1
358  0.689941  158/229          229      1
359  0.690430    29/42           42      1
360  0.691406  121/175          175      1
361  0.716797   81/113          113      1
362  0.717285  137/191          191      1
363  0.727539  179/246          246      1
364  0.728027  174/239          239      1
365  0.730469  103/141          141      1
366  0.733398    11/15           15      1
367  0.734375    47/64           64      1
368  0.735352    25/34           34      1
369  0.738281  110/149          149      1
370  0.739258  173/234          234      3
371  0.740723    20/27           27      1
372  0.742188   95/128          128      2
373  0.742676  127/171          171      1
374  0.743164  136/183          183      2
375  0.743652  177/238          238      1
376  0.744141    32/43           43      3
377  0.744629  172/231          231      1
378  0.745117    38/51           51      1
379  0.745605   85/114          114      2
380  0.746094  144/193          193      3
381  0.746582  109/146          146      2
382  0.747070  127/170          170      4
383  0.747559   77/103          103      4
384  0.748047   95/127          127     10
385  0.748535  128/171          171      4
386  0.749023  191/255          255      8
387  0.749512      3/4            4      1
388  0.750000      3/4            4      4
389  0.750488      3/4            4      7
390  0.750977  190/253          253      4
391  0.751465  127/169          169      3
392  0.751953   97/129          129      3
393  0.752441  155/206          206      2
394  0.752930    64/85           85      4
395  0.753418    55/73           73      2
396  0.753906  144/191          191      1
397  0.754395    43/57           57      5
398  0.754883   77/102          102      1
399  0.755371  176/233          233      1
400  0.755859  161/213          213      1
401  0.756348  149/197          197      3
402  0.757324  181/239          239      1
403  0.757812   97/128          128      2
404  0.758301  160/211          211      2
405  0.758789  151/199          199      1
406  0.759277    41/54           54      2
407  0.759766  136/179          179      2
408  0.760742  124/163          163      1
409  0.762695    45/59           59      1
410  0.764648    13/17           17      1
411  0.766113   95/124          124      1
412  0.772461  129/167          167      1
413  0.777832      7/9            9      1
414  0.778809  169/217          217      1
415  0.780273  174/223          223      1
416  0.781250    25/32           32      1
417  0.784180  109/139          139      1
418  0.784668  164/209          209      1
419  0.795410    35/44           44      1
420  0.797363  181/227          227      1
421  0.802246  142/177          177      1
422  0.811035  103/127          127      1
423  0.812500    13/16           16      1
424  0.813965    35/43           43      1
425  0.821289  193/235          235      1
426  0.833008      5/6            6      1
427  0.835449    66/79           79      1
428  0.835938  107/128          128      1
429  0.839844  194/231          231      1
430  0.840332  100/119          119      1
431  0.842773  134/159          159      1
432  0.843750    27/32           32      1
433  0.844238  168/199          199      1
434  0.844727  136/161          161      1
435  0.845215    71/84           84      1
436  0.848633  185/218          218      1
437  0.851074    40/47           47      1
438  0.852539  185/217          217      1
439  0.853516  134/157          157      1
440  0.858398   97/113          113      1
441  0.859863  135/157          157      2
442  0.860352  191/222          222      1
443  0.861816  131/152          152      3
444  0.862793  195/226          226      1
445  0.863770  203/235          235      1
446  0.864258  191/221          221      2
447  0.866699    13/15           15      3
448  0.867188  111/128          128      1
449  0.868652  205/236          236      2
450  0.869629    20/23           23      2
451  0.870117    67/77           77      2
452  0.870605    74/85           85      2
453  0.871094  196/225          225      1
454  0.871582   95/109          109      2
455  0.872070    75/86           86      3
456  0.872559   89/102          102      2
457  0.873047    55/63           63      4
458  0.873535  221/253          253      6
459  0.874023  111/127          127      4
460  0.874512  223/255          255      8
461  0.875000      7/8            8      5
462  0.875488  218/249          249      9
463  0.875977  113/129          129      7
464  0.876465  149/170          170      3
465  0.876953    57/65           65      1
466  0.877441  179/204          204      2
467  0.877930  187/213          213      2
468  0.878418  224/255          255      2
469  0.878906  196/223          223      2
470  0.879883  205/233          233      1
471  0.880371  184/209          209      2
472  0.881348    52/59           59      1
473  0.883301    53/60           60      1
474  0.884277  191/216          216      1
475  0.887207  118/133          133      1
476  0.888672      8/9            9      1
477  0.891113  221/248          248      1
478  0.891602  181/203          203      1
479  0.897949    44/49           49      1
480  0.898926  169/188          188      1
481  0.908203  188/207          207      1
482  0.920898  163/177          177      1
483  0.923340  229/248          248      1
484  0.925293  161/174          174      1
485  0.929199  105/113          113      1
486  0.929688  119/128          128      1
487  0.933105  237/254          254      1
488  0.936523    59/63           63      1
489  0.937012  119/127          127      1
490  0.938477    61/65           65      1
491  0.938965  200/213          213      1
492  0.940430  221/235          235      1
493  0.948242    55/58           58      1
494  0.967285  207/214          214      1
495  0.971680  103/106          106      1
496  0.980957  103/105          105      1
497  0.982422    56/57           57      1
498  0.987793    81/82           82      1
499  0.988281  169/171          171      1
500  0.990234  203/205          205      1
501  0.992676  136/137          137      1
502  0.994141  170/171          171      2
503  0.994629  185/186          186      2
504  0.995117  204/205          205      1
505  0.995605  227/228          228      2
506  0.996094  254/255          255      2
507  0.996582  254/255          255      2
508  0.997070  254/255          255      4
509  0.997559  254/255          255      4
510  0.998047      1/1            1      2
511  0.998535      1/1            1      7
512  0.999023      1/1            1      5
513  0.999512      1/1            1      9
     Guess for r  Guess 1  Guess 2  Sum by Guess  Repetition Count
33             4        3        5            27                 6
83           204        3        5            10                 5
82             2        1        3            42                 5
31           102        1        3            10                 4
98           254        1        3            12                 4
99           174        1        3             9                 4
103          226        1        3             4                 4
40           234        1        3             6                 4
47           238        1        3             4                 4
97             8       15       17            32                 4
104          222        1        3             4                 4
36           170        1        3            14                 4
0            228        3        5             5                 3
94           118        1        3             3                 3
95           172        3        5             6                 3
105           42        1        3             3                 3
110          114        1        3             6                 3
111          146        1        3             5                 3
127          236        3        5             4                 3
133           60        3        5             5                 3
134          216       15       17             4                 3
135          248       15       17             4                 3
142          106        1        3             4                 3
20            68        3        5             3                 2
68            74        1        3             2                 2
122           84        3        5             2                 2
102           30        1        3             2                 2
128           86        1        3             6                 2
32           206        1        3             6                 2
107           34        1        3             2                 2
119          124        3        5             3                 2
24           158        1        3             3                 2
100          154        1        3             5                 2
43           122        1        3             2                 2
84           186        1        3             3                 2
69           250        1        3             2                 2
76            76        3        5             2                 2
90           166        1        3             2                 2
9             10        1        3             1                 1
140           58        1        3             1                 1
125          152       15       17             3                 1
4            108        3        5             2                 1
5            212        3        5             1                 1
141          214        1        3             1                 1
136          188        3        5             1                 1
143           82        1        3             1                 1
14           110        1        3             1                 1
67           190        1        3             1                 1
106          246        1        3             1                 1
123          218        1        3             1                 1
121            6        1        3             1                 1
71            90        1        3             1                 1
72            62        1        3             1                 1
74           130        1        3             1                 1
75           178        1        3             1                 1
53           244        3        5             1                 1
88            66        1        3             2                 1
51            94        1        3             1                 1
92           194        1        3             1                 1
93            78        1        3             1                 1
49            26        1        3             1                 1
44           156        3        5             1                 1
42           100        3        5             2                 1
28           132        3        5             1                 1
26           252        3        5             1                 1
22           138        1        3             1                 1
118           54        1        3             2                 1
120           44        3        5             1                 1
73           126        1        3             1                 1
Correct result: 32 out of 305 (10.49% correct)
   Key_T1  Key_T2  Correct percentage
0  300.00  135.00           10.491803
