       Phase Fraction  Guess for r  Count
0   0.000000      0/1            1    112
1   0.000488      0/1            1      1
2   0.000977      0/1            1      1
3   0.001953      0/1            1      2
4   0.003906    1/255          255      1
5   0.007812    1/128          128      2
6   0.015625     1/64           64      2
7   0.062500     1/16           16      2
8   0.125000      1/8            8    122
9   0.125977   16/127          127      2
10  0.126953     8/63           63      1
11  0.140625     9/64           64      2
12  0.156250     5/32           32      1
13  0.187500     3/16           16      1
14  0.250000      1/4            4    117
15  0.250488      1/4            4      5
16  0.250977   64/255          255      3
17  0.251953   32/127          127      1
18  0.254883    13/51           51      1
19  0.257812   33/128          128      1
20  0.265625    17/64           64      3
21  0.281250     9/32           32      1
22  0.312500     5/16           16      3
23  0.375000      3/8            8    100
24  0.375488   95/253          253      3
25  0.375977   47/125          125      3
26  0.376953   72/191          191      1
27  0.378906   61/161          161      1
28  0.390625    25/64           64      3
29  0.406250    13/32           32      3
30  0.437500     7/16           16      4
31  0.500000      1/2            2    129
32  0.500488      1/2            2      5
33  0.500977      1/2            2      2
34  0.501953  128/255          255      2
35  0.507812   65/128          128      1
36  0.511719  109/213          213      1
37  0.515625    33/64           64      4
38  0.531250    17/32           32      1
39  0.562500     9/16           16      3
40  0.625000      5/8            8    110
41  0.625488  157/251          251      1
42  0.625977  159/254          254      4
43  0.626953  121/193          193      1
44  0.628906  100/159          159      1
45  0.632812   81/128          128      3
46  0.640625    41/64           64      3
47  0.656250    21/32           32      3
48  0.687500    11/16           16      1
49  0.750000      3/4            4    116
50  0.750488      3/4            4      1
51  0.750977  190/253          253      2
52  0.751953   97/129          129      3
53  0.753906  144/191          191      3
54  0.757812   97/128          128      2
55  0.781250    25/32           32      1
56  0.812500    13/16           16      1
57  0.875000      7/8            8     94
58  0.875488  218/249          249      3
59  0.875977  113/129          129      2
60  0.876953    57/65           65      3
61  0.878906  196/223          223      1
62  0.882812  113/128          128      4
63  0.890625    57/64           64      1
64  0.891602  181/203          203      1
65  0.906250    29/32           32      1
66  0.906738  175/193          193      1
67  0.937500    15/16           16      4
   Guess for r  Guess 1  Guess 2  Sum by Guess  Repetition Count
0            8       15       17           426                 4
1            4        3        5           239                 4
4            2        1        3           136                 3
8          254        1        3             4                 1
Correct result: 426 out of 805 (52.92% correct)
     Key  Correct percentage
0  0.015           52.919255
