        Phase Fraction  Guess for r  Count
0    0.000000      0/1            1    116
1    0.001953      0/1            1     16
2    0.003906      0/1            1      7
3    0.005859      0/1            1      1
4    0.009766     1/63           63      1
5    0.011719     1/63           63      1
6    0.021484     1/47           47      2
7    0.023438     1/43           43      1
8    0.039062     2/51           51      1
9    0.089844     5/56           56      1
10   0.109375     6/55           55      1
11   0.125000      1/8            8      1
12   0.134766     7/52           52      1
13   0.142578      1/7            7      1
14   0.148438     4/27           27      1
15   0.150391     3/20           20      1
16   0.156250     5/32           32      3
17   0.158203     3/19           19      2
18   0.160156     4/25           25      1
19   0.162109     6/37           37      6
20   0.164062    10/61           61     18
21   0.166016      1/6            6     73
22   0.167969      1/6            6     41
23   0.169922     9/53           53      2
24   0.171875     6/35           35      9
25   0.173828     4/23           23      2
26   0.175781    10/57           57      1
27   0.177734     8/45           45      2
28   0.179688     7/39           39      3
29   0.187500     3/16           16      1
30   0.193359     6/31           31      1
31   0.195312     8/41           41      1
32   0.197266    12/61           61      1
33   0.203125    12/59           59      1
34   0.218750     7/32           32      1
35   0.228516     8/35           35      1
36   0.246094    15/61           61      1
37   0.250000      1/4            4      2
38   0.259766    13/50           50      1
39   0.291016    16/55           55      2
40   0.302734    10/33           33      1
41   0.310547     9/29           29      1
42   0.312500     5/16           16      1
43   0.314453    11/35           35      2
44   0.318359     7/22           22      2
45   0.322266    19/59           59      1
46   0.326172    15/46           46      3
47   0.328125    20/61           61      8
48   0.330078    20/61           61      7
49   0.332031      1/3            3     29
50   0.333984      1/3            3     67
51   0.335938      1/3            3     18
52   0.337891    21/62           62      4
53   0.339844    17/50           50      3
54   0.341797    13/38           38      2
55   0.343750    11/32           32      2
56   0.347656     8/23           23      2
57   0.353516     6/17           17      2
58   0.375000      3/8            8      2
59   0.384766     5/13           13      1
60   0.406250    13/32           32      1
61   0.458984    28/61           61      1
62   0.462891    25/54           54      1
63   0.466797     7/15           15      1
64   0.478516    11/23           23      1
65   0.480469    25/52           52      2
66   0.484375    16/33           33      1
67   0.488281    21/43           43      1
68   0.490234    25/51           51      1
69   0.496094      1/2            2      5
70   0.498047      1/2            2     12
71   0.500000      1/2            2    101
72   0.501953      1/2            2     14
73   0.503906      1/2            2      6
74   0.505859    32/63           63      2
75   0.507812    32/63           63      4
76   0.509766    26/51           51      4
77   0.511719    22/43           43      1
78   0.515625    17/33           33      1
79   0.519531    27/52           52      1
80   0.525391    31/59           59      1
81   0.531250    17/32           32      2
82   0.537109    29/54           54      1
83   0.541016    33/61           61      1
84   0.568359    25/44           44      1
85   0.582031    32/55           55      1
86   0.583984     7/12           12      1
87   0.607422    17/28           28      1
88   0.619141    13/21           21      1
89   0.625000      5/8            8      8
90   0.650391    13/20           20      2
91   0.654297    36/55           55      1
92   0.656250    21/32           32      6
93   0.658203    25/38           38      2
94   0.660156    33/50           50      3
95   0.662109    41/62           62      2
96   0.664062      2/3            3     12
97   0.666016      2/3            3     75
98   0.667969      2/3            3     36
99   0.669922    41/61           61      4
100  0.671875    41/61           61      5
101  0.673828    31/46           46      3
102  0.675781    25/37           37      1
103  0.679688    17/25           25      1
104  0.681641    15/22           22      1
105  0.685547    24/35           35      1
106  0.687500    11/16           16      1
107  0.695312    16/23           23      1
108  0.697266    23/33           33      1
109  0.726562     8/11           11      1
110  0.734375    36/49           49      1
111  0.742188    23/31           31      1
112  0.750000      3/4            4      2
113  0.751953      3/4            4      1
114  0.755859    31/41           41      1
115  0.773438    41/53           53      1
116  0.789062    15/19           19      1
117  0.804688    33/41           41      1
118  0.812500    13/16           16      3
119  0.814453    22/27           27      1
120  0.818359     9/11           11      1
121  0.828125    29/35           35      6
122  0.830078    44/53           53      8
123  0.832031      5/6            6     35
124  0.833984      5/6            6     74
125  0.835938    51/61           61     12
126  0.837891    31/37           37      3
127  0.839844    21/25           25      3
128  0.843750    27/32           32      5
129  0.845703    11/13           13      1
130  0.847656    39/46           46      1
131  0.859375    49/57           57      1
132  0.869141    53/61           61      1
133  0.871094    27/31           31      1
134  0.873047    55/63           63      1
135  0.875000      7/8            8      1
136  0.904297    47/52           52      1
137  0.943359    50/53           53      1
138  0.966797    29/30           30      1
139  0.968750    31/32           32      1
140  0.976562    42/43           43      1
141  0.984375    62/63           63      1
142  0.988281    62/63           63      1
143  0.992188      1/1            1      2
144  0.994141      1/1            1      5
145  0.996094      1/1            1      5
146  0.998047      1/1            1     13
    Guess for r  Guess 1  Guess 2  Sum by Guess  Repetition Count
51           32        3        1            21                 8
25            2        1        3           138                 5
32            8        3        1            12                 4
45            6        7        9           223                 4
40           16        3        1             6                 4
27           52        3        1             5                 4
36           50        1        3             7                 3
47           46        1        3             7                 3
42            4        3        1             5                 3
35           38        1        3             4                 2
3            20        3        1             3                 2
12           22        1        3             3                 2
20           54        7        9             2                 2
14           62        1        3             6                 2
30           44        3        1             1                 1
31           28        3        1             1                 1
50           30        7        9             1                 1
0            56        3        1             1                 1
        Phase Fraction  Guess for r  Count
0    0.000000      0/1            1    112
1    0.001953      0/1            1      9
2    0.003906      0/1            1      3
3    0.005859      0/1            1      4
4    0.007812      0/1            1      3
5    0.009766     1/63           63      2
6    0.011719     1/63           63      1
7    0.013672     1/63           63      1
8    0.015625     1/63           63      1
9    0.021484     1/47           47      4
10   0.041016     2/49           49      1
11   0.044922     2/45           45      1
12   0.048828     2/41           41      1
13   0.082031     5/61           61      1
14   0.083984     1/12           12      2
15   0.099609     1/10           10      1
16   0.115234     3/26           26      1
17   0.125000      1/8            8      1
18   0.128906     4/31           31      1
19   0.132812     2/15           15      1
20   0.138672     5/36           36      2
21   0.150391     3/20           20      1
22   0.156250     5/32           32      1
23   0.158203     3/19           19      1
24   0.160156     4/25           25      6
25   0.162109     6/37           37      6
26   0.164062    10/61           61     17
27   0.166016      1/6            6     69
28   0.167969      1/6            6     31
29   0.169922     9/53           53      2
30   0.171875     6/35           35      2
31   0.177734     8/45           45      2
32   0.179688     7/39           39      1
33   0.185547     5/27           27      1
34   0.187500     3/16           16      3
35   0.191406     9/47           47      1
36   0.208984     9/43           43      1
37   0.210938     4/19           19      1
38   0.228516     8/35           35      1
39   0.250000      1/4            4      2
40   0.263672    14/53           53      1
41   0.283203    17/60           60      2
42   0.285156      2/7            7      1
43   0.294922    18/61           61      1
44   0.296875    11/37           37      2
45   0.304688     7/23           23      1
46   0.312500     5/16           16      1
47   0.318359     7/22           22      1
48   0.320312     8/25           25      1
49   0.322266    19/59           59      2
50   0.324219    12/37           37      3
51   0.326172    15/46           46      4
52   0.328125    20/61           61      6
53   0.330078    20/61           61      7
54   0.332031      1/3            3     36
55   0.333984      1/3            3     68
56   0.335938      1/3            3     18
57   0.337891    21/62           62      9
58   0.339844    17/50           50      3
59   0.341797    13/38           38      4
60   0.343750    11/32           32      4
61   0.351562    13/37           37      1
62   0.353516     6/17           17      4
63   0.355469    16/45           45      1
64   0.365234    19/52           52      1
65   0.380859     8/21           21      1
66   0.390625    16/41           41      1
67   0.398438      2/5            5      1
68   0.406250    13/32           32      1
69   0.416016     5/12           12      1
70   0.417969    23/55           55      1
71   0.419922    21/50           50      1
72   0.437500     7/16           16      1
73   0.458984    28/61           61      1
74   0.462891    25/54           54      1
75   0.468750    15/32           32      1
76   0.486328    18/37           37      1
77   0.488281    21/43           43      4
78   0.490234    25/51           51      3
79   0.494141    31/63           63      5
80   0.496094      1/2            2      5
81   0.498047      1/2            2     23
82   0.500000      1/2            2     92
83   0.501953      1/2            2     15
84   0.503906      1/2            2      3
85   0.505859    32/63           63      2
86   0.507812    32/63           63      3
87   0.509766    26/51           51      2
88   0.511719    22/43           43      1
89   0.513672    19/37           37      1
90   0.517578    29/56           56      1
91   0.519531    27/52           52      2
92   0.521484    12/23           23      1
93   0.539062     7/13           13      1
94   0.541016    33/61           61      2
95   0.542969    19/35           35      1
96   0.546875    29/53           53      1
97   0.558594    19/34           34      1
98   0.562500     9/16           16      2
99   0.583984     7/12           12      3
100  0.593750    19/32           32      1
101  0.625000      5/8            8      2
102  0.630859    29/46           46      1
103  0.632812    31/49           49      2
104  0.634766    33/52           52      2
105  0.646484    11/17           17      1
106  0.656250    21/32           32      3
107  0.658203    25/38           38      1
108  0.660156    33/50           50      2
109  0.662109    41/62           62     11
110  0.664062      2/3            3     16
111  0.666016      2/3            3     59
112  0.667969      2/3            3     39
113  0.669922    41/61           61      8
114  0.671875    41/61           61      5
115  0.673828    31/46           46      5
116  0.675781    25/37           37      3
117  0.677734    40/59           59      1
118  0.681641    15/22           22      1
119  0.687500    11/16           16      1
120  0.693359    43/62           62      2
121  0.697266    23/33           33      1
122  0.740234    37/50           50      1
123  0.748047      3/4            4      1
124  0.750000      3/4            4      1
125  0.781250    25/32           32      1
126  0.796875    47/59           59      1
127  0.800781      4/5            5      1
128  0.810547    47/58           58      2
129  0.812500    13/16           16      2
130  0.814453    22/27           27      1
131  0.816406    40/49           49      1
132  0.820312    32/39           39      1
133  0.822266    37/45           45      1
134  0.824219    47/57           57      1
135  0.826172    19/23           23      4
136  0.828125    29/35           35      6
137  0.830078    44/53           53      7
138  0.832031      5/6            6     34
139  0.833984      5/6            6     51
140  0.835938    51/61           61     16
141  0.837891    31/37           37      8
142  0.839844    21/25           25      1
143  0.841797    16/19           19      1
144  0.843750    27/32           32      6
145  0.845703    11/13           13      1
146  0.855469    53/62           62      1
147  0.859375    49/57           57      1
148  0.871094    27/31           31      1
149  0.875000      7/8            8      3
150  0.916016    11/12           12      1
151  0.917969    56/61           61      2
152  0.925781    25/27           27      1
153  0.933594    14/15           15      1
154  0.955078    43/45           45      1
155  0.962891    26/27           27      1
156  0.980469    50/51           51      1
157  0.986328    62/63           63      1
158  0.988281    62/63           63      2
159  0.990234    62/63           63      2
160  0.994141      1/1            1      3
161  0.996094      1/1            1      4
162  0.998047      1/1            1     11
    Guess for r  Guess 1  Guess 2  Sum by Guess  Repetition Count
46           32        3        1            18                 8
30           16        3        1            10                 6
26            2        1        3           138                 5
18           50        1        3             7                 4
52           62        1        3            23                 4
50            6        7        9           185                 4
45            4        3        1             4                 3
2             8        3        1             6                 3
39           46        1        3            10                 3
34           52        3        1             5                 3
36           38        1        3             5                 2
40           22        1        3             2                 2
0            10        1        3             1                 1
47           58        1        3             2                 1
29           34        1        3             1                 1
1            26        1        3             1                 1
20           54        7        9             1                 1
3            20        3        1             1                 1
27           56        3        1             1                 1
        Phase Fraction  Guess for r  Count
0    0.000000      0/1            1     81
1    0.001953      0/1            1     15
2    0.003906      0/1            1      6
3    0.005859      0/1            1     11
4    0.007812      0/1            1      1
5    0.009766     1/63           63      1
6    0.013672     1/63           63      1
7    0.017578     1/57           57      2
8    0.019531     1/51           51      2
9    0.025391     1/39           39      1
10   0.031250     1/32           32      1
11   0.033203     1/30           30      1
12   0.041016     2/49           49      1
13   0.048828     2/41           41      1
14   0.060547     2/33           33      1
15   0.062500     1/16           16      1
16   0.087891     5/57           57      1
17   0.089844     5/56           56      2
18   0.119141     5/42           42      1
19   0.125000      1/8            8      2
20   0.136719     3/22           22      1
21   0.152344     7/46           46      1
22   0.154297     2/13           13      1
23   0.156250     5/32           32      6
24   0.158203     3/19           19      2
25   0.160156     4/25           25      4
26   0.162109     6/37           37      4
27   0.164062    10/61           61     23
28   0.166016      1/6            6     41
29   0.167969      1/6            6     35
30   0.169922     9/53           53     17
31   0.171875     6/35           35     10
32   0.173828     4/23           23      2
33   0.175781    10/57           57      3
34   0.177734     8/45           45      2
35   0.179688     7/39           39      1
36   0.183594     9/49           49      1
37   0.189453    11/58           58      1
38   0.191406     9/47           47      1
39   0.208984     9/43           43      1
40   0.216797    13/60           60      1
41   0.226562    12/53           53      1
42   0.228516     8/35           35      1
43   0.250000      1/4            4      1
44   0.259766    13/50           50      1
45   0.269531     7/26           26      1
46   0.273438     3/11           11      1
47   0.275391    11/40           40      1
48   0.291016    16/55           55      1
49   0.312500     5/16           16      2
50   0.320312     8/25           25      1
51   0.322266    19/59           59      2
52   0.324219    12/37           37      3
53   0.326172    15/46           46      1
54   0.328125    20/61           61     11
55   0.330078    20/61           61      6
56   0.332031      1/3            3     35
57   0.333984      1/3            3     60
58   0.335938      1/3            3     15
59   0.337891    21/62           62      8
60   0.339844    17/50           50      1
61   0.341797    13/38           38      2
62   0.343750    11/32           32      3
63   0.347656     8/23           23      2
64   0.351562    13/37           37      1
65   0.353516     6/17           17      1
66   0.359375    14/39           39      2
67   0.363281     4/11           11      1
68   0.373047    22/59           59      1
69   0.375000      3/8            8      4
70   0.382812    18/47           47      1
71   0.402344    25/62           62      1
72   0.406250    13/32           32      1
73   0.414062    12/29           29      1
74   0.416016     5/12           12      1
75   0.417969    23/55           55      2
76   0.435547    27/62           62      1
77   0.439453    18/41           41      1
78   0.441406    15/34           34      1
79   0.451172    23/51           51      1
80   0.457031    16/35           35      2
81   0.466797     7/15           15      1
82   0.468750    15/32           32      1
83   0.474609    28/59           59      1
84   0.476562    10/21           21      1
85   0.478516    11/23           23      2
86   0.480469    25/52           52      1
87   0.486328    18/37           37      2
88   0.490234    25/51           51      3
89   0.492188    31/63           63      2
90   0.494141    31/63           63      4
91   0.496094      1/2            2      4
92   0.498047      1/2            2     12
93   0.500000      1/2            2     80
94   0.501953      1/2            2     14
95   0.503906      1/2            2      5
96   0.505859    32/63           63      8
97   0.507812    32/63           63      2
98   0.509766    26/51           51      2
99   0.511719    22/43           43      1
100  0.515625    17/33           33      1
101  0.519531    27/52           52      1
102  0.521484    12/23           23      2
103  0.529297     9/17           17      1
104  0.541016    33/61           61      1
105  0.548828    28/51           51      1
106  0.576172    34/59           59      1
107  0.583984     7/12           12      2
108  0.585938    17/29           29      2
109  0.603516    35/58           58      1
110  0.615234     8/13           13      1
111  0.625000      5/8            8      1
112  0.632812    31/49           49      1
113  0.634766    33/52           52      2
114  0.644531    29/45           45      1
115  0.650391    13/20           20      1
116  0.652344    15/23           23      1
117  0.656250    21/32           32      2
118  0.658203    25/38           38      1
119  0.660156    33/50           50      2
120  0.662109    41/62           62      7
121  0.664062      2/3            3     21
122  0.666016      2/3            3     65
123  0.667969      2/3            3     43
124  0.669922    41/61           61      6
125  0.671875    41/61           61      8
126  0.675781    25/37           37      1
127  0.677734    40/59           59      1
128  0.679688    17/25           25      1
129  0.681641    15/22           22      1
130  0.687500    11/16           16      2
131  0.689453    20/29           29      1
132  0.693359    43/62           62      1
133  0.701172    40/57           57      1
134  0.708984    39/55           55      1
135  0.718750    23/32           32      1
136  0.724609    29/40           40      1
137  0.750000      3/4            4      4
138  0.761719    16/21           21      1
139  0.767578    33/43           43      1
140  0.769531    10/13           13      1
141  0.781250    25/32           32      1
142  0.785156    11/14           14      1
143  0.787109    37/47           47      2
144  0.791016    34/43           43      2
145  0.802734    49/61           61      1
146  0.812500    13/16           16      1
147  0.814453    22/27           27      2
148  0.816406    40/49           49      1
149  0.818359     9/11           11      1
150  0.822266    37/45           45      2
151  0.824219    47/57           57      4
152  0.826172    19/23           23      2
153  0.828125    29/35           35     11
154  0.830078    44/53           53      7
155  0.832031      5/6            6     27
156  0.833984      5/6            6     57
157  0.835938    51/61           61     24
158  0.837891    31/37           37      6
159  0.839844    21/25           25      1
160  0.843750    27/32           32      2
161  0.845703    11/13           13      1
162  0.847656    39/46           46      1
163  0.849609    17/20           20      1
164  0.851562    23/27           27      2
165  0.855469    53/62           62      1
166  0.865234    45/52           52      1
167  0.875000      7/8            8      4
168  0.876953    50/57           57      1
169  0.927734    51/55           55      1
170  0.937500    15/16           16      1
171  0.955078    43/45           45      1
172  0.958984    47/49           49      1
173  0.962891    26/27           27      1
174  0.968750    31/32           32      1
175  0.978516    46/47           47      3
176  0.980469    50/51           51      2
177  0.984375    62/63           63      1
178  0.988281    62/63           63      3
179  0.990234    62/63           63      5
180  0.992188      1/1            1      3
181  0.994141      1/1            1      3
182  0.996094      1/1            1      6
183  0.998047      1/1            1     10
    Guess for r  Guess 1  Guess 2  Sum by Guess  Repetition Count
0            32        3        1            19                10
45           62        1        3            19                 6
32            2        1        3           115                 5
44           16        3        1             7                 5
10            6        7        9           160                 4
5             8        3        1            11                 4
37           52        3        1             5                 4
13           50        1        3             4                 3
55           46        1        3             3                 3
20           38        1        3             3                 2
11           58        1        3             2                 2
12            4        3        1             5                 2
56           20        3        1             2                 2
15           40        3        1             2                 2
43           22        1        3             2                 2
50           14        1        3             1                 1
3            56        3        1             2                 1
1            30        7        9             1                 1
4            42        7        9             1                 1
26           34        1        3             1                 1
14           26        1        3             1                 1
        Phase Fraction  Guess for r  Count
0    0.000000      0/1            1     72
1    0.001953      0/1            1     15
2    0.003906      0/1            1      7
3    0.005859      0/1            1      7
4    0.007812      0/1            1      6
5    0.009766     1/63           63      1
6    0.011719     1/63           63      1
7    0.015625     1/63           63      2
8    0.023438     1/43           43      1
9    0.025391     1/39           39      1
10   0.031250     1/32           32      1
11   0.042969     2/47           47      1
12   0.080078     2/25           25      1
13   0.082031     5/61           61      1
14   0.083984     1/12           12      1
15   0.105469     2/19           19      3
16   0.119141     5/42           42      1
17   0.121094     4/33           33      1
18   0.126953     8/63           63      1
19   0.132812     2/15           15      1
20   0.140625     8/57           57      1
21   0.142578      1/7            7      2
22   0.144531     9/62           62      2
23   0.148438     4/27           27      1
24   0.152344     7/46           46      1
25   0.154297     2/13           13      2
26   0.156250     5/32           32      1
27   0.158203     3/19           19      3
28   0.160156     4/25           25      5
29   0.162109     6/37           37      5
30   0.164062    10/61           61     16
31   0.166016      1/6            6     40
32   0.167969      1/6            6     33
33   0.169922     9/53           53     17
34   0.171875     6/35           35     14
35   0.173828     4/23           23      2
36   0.175781    10/57           57      2
37   0.177734     8/45           45      4
38   0.179688     7/39           39      1
39   0.183594     9/49           49      3
40   0.187500     3/16           16      1
41   0.189453    11/58           58      1
42   0.191406     9/47           47      1
43   0.201172      1/5            5      1
44   0.205078     8/39           39      2
45   0.222656      2/9            9      1
46   0.246094    15/61           61      1
47   0.250000      1/4            4      2
48   0.273438     3/11           11      2
49   0.275391    11/40           40      1
50   0.289062    13/45           45      1
51   0.291016    16/55           55      1
52   0.302734    10/33           33      1
53   0.304688     7/23           23      1
54   0.312500     5/16           16      2
55   0.314453    11/35           35      2
56   0.316406    19/60           60      2
57   0.318359     7/22           22      1
58   0.320312     8/25           25      2
59   0.322266    19/59           59      2
60   0.324219    12/37           37      3
61   0.326172    15/46           46      2
62   0.328125    20/61           61     16
63   0.330078    20/61           61      9
64   0.332031      1/3            3     41
65   0.333984      1/3            3     32
66   0.335938      1/3            3     16
67   0.337891    21/62           62      9
68   0.339844    17/50           50      4
69   0.341797    13/38           38      3
70   0.343750    11/32           32      4
71   0.345703    19/55           55      2
72   0.347656     8/23           23      1
73   0.349609     7/20           20      1
74   0.351562    13/37           37      1
75   0.355469    16/45           45      1
76   0.363281     4/11           11      2
77   0.365234    19/52           52      1
78   0.375000      3/8            8      2
79   0.376953    23/61           61      3
80   0.378906    11/29           29      1
81   0.390625    16/41           41      1
82   0.406250    13/32           32      1
83   0.410156    16/39           39      1
84   0.414062    12/29           29      1
85   0.416016     5/12           12      1
86   0.425781    23/54           54      1
87   0.433594    13/30           30      1
88   0.449219    22/49           49      1
89   0.458984    28/61           61      1
90   0.464844    20/43           43      1
91   0.466797     7/15           15      2
92   0.468750    15/32           32      1
93   0.474609    28/59           59      1
94   0.478516    11/23           23      2
95   0.484375    16/33           33      2
96   0.486328    18/37           37      1
97   0.488281    21/43           43      1
98   0.492188    31/63           63      2
99   0.494141    31/63           63      6
100  0.496094      1/2            2     12
101  0.498047      1/2            2     24
102  0.500000      1/2            2     51
103  0.501953      1/2            2     18
104  0.503906      1/2            2     10
105  0.505859    32/63           63     13
106  0.507812    32/63           63      5
107  0.509766    26/51           51      3
108  0.511719    22/43           43      2
109  0.513672    19/37           37      3
110  0.515625    17/33           33      2
111  0.519531    27/52           52      1
112  0.521484    12/23           23      2
113  0.523438    11/21           21      1
114  0.531250    17/32           32      1
115  0.533203     8/15           15      1
116  0.539062     7/13           13      2
117  0.546875    29/53           53      1
118  0.552734    21/38           38      1
119  0.560547    23/41           41      1
120  0.562500     9/16           16      1
121  0.580078    29/50           50      1
122  0.582031    32/55           55      1
123  0.583984     7/12           12      1
124  0.585938    17/29           29      1
125  0.601562      3/5            5      1
126  0.630859    29/46           46      1
127  0.634766    33/52           52      1
128  0.636719     7/11           11      2
129  0.638672    23/36           36      2
130  0.640625    25/39           39      1
131  0.644531    29/45           45      2
132  0.650391    13/20           20      3
133  0.654297    36/55           55      2
134  0.656250    21/32           32      4
135  0.658203    25/38           38      6
136  0.660156    33/50           50      6
137  0.662109    41/62           62      7
138  0.664062      2/3            3     11
139  0.666016      2/3            3     50
140  0.667969      2/3            3     27
141  0.669922    41/61           61     10
142  0.671875    41/61           61     13
143  0.673828    31/46           46      2
144  0.679688    17/25           25      1
145  0.681641    15/22           22      1
146  0.685547    24/35           35      1
147  0.687500    11/16           16      2
148  0.689453    20/29           29      1
149  0.691406    38/55           55      1
150  0.697266    23/33           33      1
151  0.707031    41/58           58      2
152  0.708984    39/55           55      1
153  0.722656    13/18           18      1
154  0.728516    43/59           59      1
155  0.730469    19/26           26      1
156  0.738281    31/42           42      1
157  0.744141    32/43           43      1
158  0.750000      3/4            4      5
159  0.759766    19/25           25      1
160  0.767578    33/43           43      1
161  0.773438    41/53           53      2
162  0.775391    38/49           49      1
163  0.781250    25/32           32      1
164  0.791016    34/43           43      1
165  0.796875    47/59           59      1
166  0.802734    49/61           61      1
167  0.804688    33/41           41      1
168  0.810547    47/58           58      1
169  0.812500    13/16           16      6
170  0.818359     9/11           11      1
171  0.820312    32/39           39      2
172  0.822266    37/45           45      6
173  0.824219    47/57           57      1
174  0.826172    19/23           23      4
175  0.828125    29/35           35      8
176  0.830078    44/53           53     12
177  0.832031      5/6            6     26
178  0.833984      5/6            6     27
179  0.835938    51/61           61     13
180  0.837891    31/37           37      4
181  0.839844    21/25           25      5
182  0.841797    16/19           19      2
183  0.843750    27/32           32      7
184  0.845703    11/13           13      2
185  0.853516    35/41           41      1
186  0.855469    53/62           62      1
187  0.875000      7/8            8      2
188  0.876953    50/57           57      1
189  0.878906    29/33           33      1
190  0.914062    32/35           35      1
191  0.916016    11/12           12      1
192  0.917969    56/61           61      1
193  0.937500    15/16           16      1
194  0.939453    31/33           33      1
195  0.953125    41/43           43      1
196  0.955078    43/45           45      1
197  0.957031    45/47           47      1
198  0.958984    47/49           49      2
199  0.960938    49/51           51      1
200  0.966797    29/30           30      1
201  0.968750    31/32           32      2
202  0.982422    56/57           57      1
203  0.986328    62/63           63      1
204  0.988281    62/63           63      3
205  0.990234    62/63           63      5
206  0.992188      1/1            1      3
207  0.994141      1/1            1      5
208  0.996094      1/1            1      6
209  0.998047      1/1            1     22
    Guess for r  Guess 1  Guess 2  Sum by Guess  Repetition Count
0            32        3        1            23                10
7            16        3        1            13                 6
25            2        1        3           115                 5
14           62        1        3            19                 4
42           46        1        3             6                 4
5             6        7        9           126                 4
40           50        1        3            11                 3
45           58        1        3             4                 3
39           38        1        3            10                 3
30           52        3        1             3                 3
37           20        3        1             4                 2
20            8        3        1             4                 2
59           30        7        9             2                 2
12           22        1        3             2                 2
49            4        3        1             7                 2
48           42        7        9             2                 2
22           54        7        9             1                 1
47           26        1        3             1                 1
46           18        7        9             1                 1
10           40        3        1             1                 1
        Phase Fraction  Guess for r  Count
0    0.000000      0/1            1     47
1    0.001953      0/1            1     16
2    0.003906      0/1            1      9
3    0.005859      0/1            1      4
4    0.007812      0/1            1      6
5    0.009766     1/63           63      4
6    0.011719     1/63           63      1
7    0.013672     1/63           63      2
8    0.015625     1/63           63      4
9    0.019531     1/51           51      1
10   0.025391     1/39           39      2
11   0.027344     1/37           37      1
12   0.029297     1/34           34      1
13   0.035156     2/57           57      1
14   0.037109     1/27           27      1
15   0.041016     2/49           49      2
16   0.044922     2/45           45      1
17   0.046875     2/43           43      1
18   0.085938     3/35           35      1
19   0.091797     5/54           54      1
20   0.093750     3/32           32      1
21   0.101562     6/59           59      1
22   0.103516     3/29           29      1
23   0.107422     3/28           28      1
24   0.119141     5/42           42      1
25   0.121094     4/33           33      1
26   0.125000      1/8            8      5
27   0.126953     8/63           63      1
28   0.132812     2/15           15      1
29   0.136719     3/22           22      2
30   0.140625     8/57           57      2
31   0.142578      1/7            7      4
32   0.144531     9/62           62      1
33   0.146484     6/41           41      1
34   0.148438     4/27           27      1
35   0.150391     3/20           20      3
36   0.152344     7/46           46      2
37   0.154297     2/13           13      2
38   0.156250     5/32           32      9
39   0.158203     3/19           19      2
40   0.160156     4/25           25      7
41   0.162109     6/37           37     10
42   0.164062    10/61           61     15
43   0.166016      1/6            6     20
44   0.167969      1/6            6     29
45   0.169922     9/53           53     11
46   0.171875     6/35           35     11
47   0.173828     4/23           23      3
48   0.175781    10/57           57      2
49   0.177734     8/45           45      3
50   0.179688     7/39           39      2
51   0.183594     9/49           49      2
52   0.187500     3/16           16      3
53   0.189453    11/58           58      2
54   0.191406     9/47           47      1
55   0.193359     6/31           31      1
56   0.195312     8/41           41      2
57   0.205078     8/39           39      1
58   0.207031     6/29           29      1
59   0.210938     4/19           19      1
60   0.216797    13/60           60      2
61   0.226562    12/53           53      1
62   0.230469     3/13           13      1
63   0.232422    10/43           43      2
64   0.240234     6/25           25      1
65   0.244141    10/41           41      1
66   0.250000      1/4            4      3
67   0.251953      1/4            4      1
68   0.259766    13/50           50      1
69   0.263672    14/53           53      1
70   0.271484    16/59           59      1
71   0.273438     3/11           11      1
72   0.281250     9/32           32      2
73   0.283203    17/60           60      3
74   0.294922    18/61           61      2
75   0.296875    11/37           37      1
76   0.298828    17/57           57      1
77   0.302734    10/33           33      1
78   0.304688     7/23           23      2
79   0.306641    19/62           62      1
80   0.312500     5/16           16      3
81   0.314453    11/35           35      2
82   0.316406    19/60           60      3
83   0.320312     8/25           25      2
84   0.322266    19/59           59      2
85   0.324219    12/37           37      1
86   0.326172    15/46           46      2
87   0.328125    20/61           61     14
88   0.330078    20/61           61      9
89   0.332031      1/3            3     24
90   0.333984      1/3            3     16
91   0.335938      1/3            3     15
92   0.337891    21/62           62      6
93   0.339844    17/50           50      2
94   0.341797    13/38           38      3
95   0.343750    11/32           32      8
96   0.345703    19/55           55      4
97   0.347656     8/23           23      2
98   0.355469    16/45           45      1
99   0.357422     5/14           14      2
100  0.359375    14/39           39      2
101  0.365234    19/52           52      1
102  0.369141    17/46           46      2
103  0.375000      3/8            8      2
104  0.376953    23/61           61      1
105  0.392578    11/28           28      2
106  0.404297    19/47           47      1
107  0.406250    13/32           32      1
108  0.414062    12/29           29      1
109  0.416016     5/12           12      1
110  0.417969    23/55           55      2
111  0.421875    19/45           45      1
112  0.437500     7/16           16      1
113  0.439453    18/41           41      1
114  0.441406    15/34           34      1
115  0.443359    27/61           61      1
116  0.453125    24/53           53      1
117  0.470703     8/17           17      1
118  0.472656    26/55           55      1
119  0.478516    11/23           23      4
120  0.480469    25/52           52      2
121  0.482422    27/56           56      1
122  0.484375    16/33           33      3
123  0.486328    18/37           37      3
124  0.488281    21/43           43      2
125  0.490234    25/51           51      5
126  0.492188    31/63           63      6
127  0.494141    31/63           63     11
128  0.496094      1/2            2      9
129  0.498047      1/2            2     17
130  0.500000      1/2            2     33
131  0.501953      1/2            2     10
132  0.503906      1/2            2      9
133  0.505859    32/63           63      4
134  0.507812    32/63           63      2
135  0.509766    26/51           51      2
136  0.511719    22/43           43      2
137  0.513672    19/37           37      1
138  0.515625    17/33           33      2
139  0.517578    29/56           56      3
140  0.519531    27/52           52      5
141  0.521484    12/23           23      2
142  0.525391    31/59           59      1
143  0.527344    29/55           55      1
144  0.529297     9/17           17      1
145  0.531250    17/32           32      2
146  0.535156    23/43           43      2
147  0.537109    29/54           54      1
148  0.541016    33/61           61      4
149  0.544922     6/11           11      2
150  0.550781    27/49           49      2
151  0.552734    21/38           38      1
152  0.560547    23/41           41      1
153  0.562500     9/16           16      2
154  0.570312      4/7            7      1
155  0.578125    26/45           45      1
156  0.582031    32/55           55      2
157  0.583984     7/12           12      1
158  0.585938    17/29           29      1
159  0.601562      3/5            5      1
160  0.603516    35/58           58      1
161  0.605469    23/38           38      1
162  0.607422    17/28           28      1
163  0.609375    25/41           41      1
164  0.630859    29/46           46      2
165  0.636719     7/11           11      1
166  0.642578     9/14           14      2
167  0.644531    29/45           45      3
168  0.648438    24/37           37      1
169  0.650391    13/20           20      2
170  0.652344    15/23           23      3
171  0.654297    36/55           55      3
172  0.656250    21/32           32      6
173  0.658203    25/38           38      3
174  0.660156    33/50           50      5
175  0.662109    41/62           62      5
176  0.664062      2/3            3     18
177  0.666016      2/3            3     29
178  0.667969      2/3            3     15
179  0.669922    41/61           61     10
180  0.671875    41/61           61     12
181  0.673828    31/46           46      3
182  0.675781    25/37           37      4
183  0.677734    40/59           59      4
184  0.679688    17/25           25      5
185  0.685547    24/35           35      1
186  0.689453    20/29           29      3
187  0.695312    16/23           23      1
188  0.697266    23/33           33      2
189  0.701172    40/57           57      1
190  0.703125    26/37           37      2
191  0.707031    41/58           58      1
192  0.708984    39/55           55      2
193  0.710938    32/45           45      1
194  0.718750    23/32           32      1
195  0.722656    13/18           18      1
196  0.726562     8/11           11      2
197  0.730469    19/26           26      1
198  0.732422    41/56           56      1
199  0.742188    23/31           31      2
200  0.748047      3/4            4      2
201  0.750000      3/4            4      1
202  0.751953      3/4            4      2
203  0.755859    31/41           41      2
204  0.761719    16/21           21      1
205  0.773438    41/53           53      1
206  0.777344      7/9            9      1
207  0.781250    25/32           32      1
208  0.785156    11/14           14      1
209  0.787109    37/47           47      1
210  0.789062    15/19           19      1
211  0.791016    34/43           43      1
212  0.792969    23/29           29      1
213  0.794922    31/39           39      3
214  0.796875    47/59           59      1
215  0.798828      4/5            5      1
216  0.800781      4/5            5      1
217  0.806641    25/31           31      1
218  0.808594    38/47           47      1
219  0.810547    47/58           58      2
220  0.812500    13/16           16      6
221  0.814453    22/27           27      2
222  0.816406    40/49           49      2
223  0.818359     9/11           11      1
224  0.820312    32/39           39      2
225  0.822266    37/45           45      3
226  0.824219    47/57           57      5
227  0.826172    19/23           23      2
228  0.828125    29/35           35     15
229  0.830078    44/53           53     16
230  0.832031      5/6            6     22
231  0.833984      5/6            6     17
232  0.835938    51/61           61     14
233  0.837891    31/37           37      7
234  0.839844    21/25           25      6
235  0.841797    16/19           19      5
236  0.843750    27/32           32      8
237  0.845703    11/13           13      1
238  0.847656    39/46           46      2
239  0.849609    17/20           20      5
240  0.851562    23/27           27      1
241  0.859375    49/57           57      1
242  0.865234    45/52           52      1
243  0.869141    53/61           61      1
244  0.875000      7/8            8      1
245  0.878906    29/33           33      1
246  0.884766    23/26           26      2
247  0.890625    49/55           55      1
248  0.900391     9/10           10      1
249  0.906250    29/32           32      1
250  0.908203    49/54           54      1
251  0.912109    52/57           57      1
252  0.914062    32/35           35      1
253  0.917969    56/61           61      2
254  0.921875    47/51           51      1
255  0.927734    51/55           55      1
256  0.937500    15/16           16      1
257  0.953125    41/43           43      1
258  0.960938    49/51           51      2
259  0.962891    26/27           27      1
260  0.972656    36/37           37      1
261  0.978516    46/47           47      3
262  0.986328    62/63           63      1
263  0.988281    62/63           63      1
264  0.990234    62/63           63      4
265  0.992188      1/1            1      6
266  0.994141      1/1            1      8
267  0.996094      1/1            1     16
268  0.998047      1/1            1     18
    Guess for r  Guess 1  Guess 2  Sum by Guess  Repetition Count
66           32        3        1            40                11
46           16        3        1            16                 6
50           46        1        3            13                 6
64            4        3        1             9                 5
38            2        1        3            78                 5
48           38        1        3             8                 4
75           52        3        1             9                 4
47           58        1        3             6                 4
7            62        1        3            13                 4
11            6        7        9            88                 4
67           14        1        3             5                 3
74           20        3        1            10                 3
62           56        3        1             5                 3
76            8        3        1             8                 3
80           54        7        9             3                 3
55           50        1        3             8                 3
30           28        3        1             4                 3
33           34        1        3             2                 2
77           26        1        3             3                 2
60           18        7        9             1                 1
6            22        1        3             2                 1
78           10        1        3             1                 1
4            42        7        9             1                 1
       Phase Fraction  Guess for r  Count
0   0.000000      0/1            1    388
1   0.001953      0/1            1      1
2   0.007812      0/1            1      1
3   0.015625     1/63           63      9
4   0.031250     1/32           32      4
5   0.062500     1/16           16     25
6   0.078125     4/51           51      1
7   0.125000      1/8            8     47
8   0.156250     5/32           32      1
9   0.187500     3/16           16      2
10  0.250000      1/4            4     97
11  0.312500     5/16           16      6
12  0.375000      3/8            8      8
13  0.500000      1/2            2    280
14  0.507812    32/63           63      2
15  0.515625    17/33           33      3
16  0.523438    11/21           21      1
17  0.531250    17/32           32      7
18  0.539062     7/13           13      1
19  0.562500     9/16           16     16
20  0.566406    17/30           30      1
21  0.570312      4/7            7      1
22  0.578125    26/45           45      1
23  0.625000      5/8            8     27
24  0.628906    39/62           62      1
25  0.640625    25/39           39      2
26  0.687500    11/16           16      1
27  0.750000      3/4            4     72
28  0.765625    36/47           47      1
29  0.781250    25/32           32      2
30  0.812500    13/16           16      5
31  0.875000      7/8            8     10
    Guess for r  Guess 1  Guess 2  Sum by Guess  Repetition Count
1            16        3        1            55                 6
0            32        3        1            14                 4
12            8        3        1            92                 4
5             4        3        1           169                 2
8             2        1        3           280                 1
11           30        7        9             1                 1
13           62        1        3             1                 1
Correct result: 1 out of 612 (0.16% correct)
   Key_T1  Key_T2  Correct percentage
0  629.55  578.24           50.000000
1  503.80  462.63           43.942993
2  378.04  347.03           43.715847
3  252.29  231.42           35.492958
4  126.53  115.82           26.426426
5    0.78    0.21            0.163399
