       Phase Fraction  Guess for r  Count
0   0.000000      0/1            1    155
1   0.001953      0/1            1      2
2   0.003906      0/1            1      1
3   0.009766     1/63           63      1
4   0.021484     1/47           47      1
5   0.119141     5/42           42      1
6   0.146484     6/41           41      1
7   0.152344     7/46           46      1
8   0.154297     2/13           13      1
9   0.156250     5/32           32      2
10  0.158203     3/19           19      1
11  0.162109     6/37           37      3
12  0.164062    10/61           61     13
13  0.166016      1/6            6    115
14  0.167969      1/6            6     31
15  0.169922     9/53           53      3
16  0.171875     6/35           35      3
17  0.173828     4/23           23      2
18  0.175781    10/57           57      1
19  0.226562    12/53           53      1
20  0.281250     9/32           32      1
21  0.318359     7/22           22      1
22  0.322266    19/59           59      1
23  0.328125    20/61           61      3
24  0.330078    20/61           61      3
25  0.332031      1/3            3     31
26  0.333984      1/3            3    105
27  0.335938      1/3            3      9
28  0.337891    21/62           62      3
29  0.339844    17/50           50      1
30  0.343750    11/32           32      2
31  0.380859     8/21           21      1
32  0.482422    27/56           56      1
33  0.486328    18/37           37      1
34  0.498047      1/2            2      4
35  0.500000      1/2            2    165
36  0.501953      1/2            2      2
37  0.503906      1/2            2      1
38  0.509766    26/51           51      1
39  0.511719    22/43           43      1
40  0.533203     8/15           15      1
41  0.634766    33/52           52      1
42  0.644531    29/45           45      1
43  0.658203    25/38           38      1
44  0.660156    33/50           50      1
45  0.664062      2/3            3      6
46  0.666016      2/3            3     98
47  0.667969      2/3            3     35
48  0.669922    41/61           61      4
49  0.671875    41/61           61      4
50  0.673828    31/46           46      1
51  0.675781    25/37           37      2
52  0.810547    47/58           58      1
53  0.812500    13/16           16      1
54  0.820312    32/39           39      2
55  0.822266    37/45           45      3
56  0.824219    47/57           57      2
57  0.826172    19/23           23      1
58  0.828125    29/35           35      2
59  0.830078    44/53           53      5
60  0.832031      5/6            6     28
61  0.833984      5/6            6    121
62  0.835938    51/61           61      9
63  0.837891    31/37           37      2
64  0.839844    21/25           25      3
65  0.841797    16/19           19      1
66  0.853516    35/41           41      1
67  0.857422      6/7            7      1
68  0.884766    23/26           26      1
69  0.966797    29/30           30      1
70  0.990234    62/63           63      1
71  0.996094      1/1            1      2
72  0.998047      1/1            1      5
    Guess for r  Guess 1  Guess 2  Sum by Guess  Repetition Count
12            2        1        3           172                 4
21            6        7        9           295                 4
9            32        3        1             5                 3
18           46        1        3             2                 2
8            50        1        3             2                 2
23           26        1        3             1                 1
20           16        3        1             1                 1
19           58        1        3             1                 1
0            42        7        9             1                 1
16           38        1        3             1                 1
15           52        3        1             1                 1
10           56        3        1             1                 1
7            62        1        3             3                 1
6            22        1        3             1                 1
24           30        7        9             1                 1
        Phase Fraction  Guess for r  Count
0    0.000000      0/1            1     56
1    0.001953      0/1            1     16
2    0.003906      0/1            1      6
3    0.005859      0/1            1      8
4    0.007812      0/1            1      5
5    0.009766     1/63           63     10
6    0.013672     1/63           63      2
7    0.017578     1/57           57      1
8    0.019531     1/51           51      2
9    0.021484     1/47           47      3
10   0.023438     1/43           43      2
11   0.025391     1/39           39      1
12   0.050781     3/59           59      1
13   0.062500     1/16           16      1
14   0.076172     4/53           53      1
15   0.082031     5/61           61      1
16   0.083984     1/12           12      1
17   0.085938     3/35           35      2
18   0.097656     4/41           41      1
19   0.099609     1/10           10      1
20   0.115234     3/26           26      1
21   0.117188     2/17           17      1
22   0.125000      1/8            8      4
23   0.130859     8/61           61      1
24   0.132812     2/15           15      1
25   0.134766     7/52           52      1
26   0.144531     9/62           62      2
27   0.148438     4/27           27      2
28   0.150391     3/20           20      2
29   0.152344     7/46           46      1
30   0.154297     2/13           13      3
31   0.156250     5/32           32      8
32   0.158203     3/19           19      3
33   0.160156     4/25           25      6
34   0.162109     6/37           37      9
35   0.164062    10/61           61     22
36   0.166016      1/6            6     26
37   0.167969      1/6            6     22
38   0.169922     9/53           53     15
39   0.171875     6/35           35      7
40   0.173828     4/23           23      6
41   0.175781    10/57           57      3
42   0.177734     8/45           45      3
43   0.179688     7/39           39      1
44   0.185547     5/27           27      3
45   0.187500     3/16           16      5
46   0.189453    11/58           58      1
47   0.191406     9/47           47      1
48   0.193359     6/31           31      1
49   0.218750     7/32           32      1
50   0.234375    11/47           47      1
51   0.246094    15/61           61      1
52   0.251953      1/4            4      1
53   0.263672    14/53           53      1
54   0.265625    13/49           49      1
55   0.271484    16/59           59      1
56   0.291016    16/55           55      2
57   0.292969    17/58           58      1
58   0.296875    11/37           37      1
59   0.310547     9/29           29      1
60   0.312500     5/16           16      2
61   0.314453    11/35           35      1
62   0.318359     7/22           22      1
63   0.320312     8/25           25      2
64   0.322266    19/59           59      3
65   0.324219    12/37           37      4
66   0.326172    15/46           46      4
67   0.328125    20/61           61      7
68   0.330078    20/61           61     10
69   0.332031      1/3            3     27
70   0.333984      1/3            3     44
71   0.335938      1/3            3     25
72   0.337891    21/62           62      7
73   0.339844    17/50           50      7
74   0.341797    13/38           38      4
75   0.343750    11/32           32      6
76   0.345703    19/55           55      2
77   0.349609     7/20           20      1
78   0.353516     6/17           17      4
79   0.355469    16/45           45      1
80   0.357422     5/14           14      1
81   0.359375    14/39           39      1
82   0.365234    19/52           52      1
83   0.367188    18/49           49      1
84   0.369141    17/46           46      1
85   0.371094    23/62           62      1
86   0.373047    22/59           59      3
87   0.376953    23/61           61      1
88   0.378906    11/29           29      1
89   0.380859     8/21           21      1
90   0.386719    17/44           44      1
91   0.406250    13/32           32      1
92   0.416016     5/12           12      2
93   0.419922    21/50           50      1
94   0.423828    25/59           59      1
95   0.427734      3/7            7      1
96   0.441406    15/34           34      1
97   0.472656    26/55           55      1
98   0.474609    28/59           59      1
99   0.480469    25/52           52      1
100  0.484375    16/33           33      1
101  0.486328    18/37           37      3
102  0.488281    21/43           43      2
103  0.490234    25/51           51      4
104  0.494141    31/63           63      3
105  0.496094      1/2            2      7
106  0.498047      1/2            2     17
107  0.500000      1/2            2     56
108  0.501953      1/2            2     13
109  0.503906      1/2            2     18
110  0.505859    32/63           63      9
111  0.507812    32/63           63      3
112  0.509766    26/51           51      3
113  0.511719    22/43           43      4
114  0.515625    17/33           33      3
115  0.519531    27/52           52      1
116  0.521484    12/23           23      1
117  0.523438    11/21           21      1
118  0.529297     9/17           17      1
119  0.541016    33/61           61      1
120  0.542969    19/35           35      1
121  0.544922     6/11           11      1
122  0.572266      4/7            7      1
123  0.583984     7/12           12      1
124  0.585938    17/29           29      1
125  0.587891    10/17           17      1
126  0.593750    19/32           32      1
127  0.609375    25/41           41      1
128  0.615234     8/13           13      1
129  0.625000      5/8            8      1
130  0.632812    31/49           49      1
131  0.638672    23/36           36      1
132  0.642578     9/14           14      2
133  0.644531    29/45           45      2
134  0.646484    11/17           17      3
135  0.648438    24/37           37      1
136  0.650391    13/20           20      2
137  0.654297    36/55           55      3
138  0.656250    21/32           32      2
139  0.660156    33/50           50      6
140  0.662109    41/62           62     12
141  0.664062      2/3            3     12
142  0.666016      2/3            3     47
143  0.667969      2/3            3     32
144  0.669922    41/61           61      8
145  0.671875    41/61           61     14
146  0.673828    31/46           46      5
147  0.675781    25/37           37      1
148  0.677734    40/59           59      3
149  0.679688    17/25           25      2
150  0.681641    15/22           22      2
151  0.683594    41/60           60      1
152  0.685547    24/35           35      1
153  0.693359    43/62           62      1
154  0.699219     7/10           10      1
155  0.707031    41/58           58      1
156  0.708984    39/55           55      1
157  0.710938    32/45           45      2
158  0.714844      5/7            7      1
159  0.748047      3/4            4      1
160  0.763672    42/55           55      1
161  0.775391    38/49           49      1
162  0.781250    25/32           32      1
163  0.789062    15/19           19      1
164  0.791016    34/43           43      2
165  0.792969    23/29           29      1
166  0.802734    49/61           61      1
167  0.804688    33/41           41      2
168  0.812500    13/16           16      2
169  0.818359     9/11           11      1
170  0.820312    32/39           39      2
171  0.822266    37/45           45      6
172  0.824219    47/57           57      2
173  0.826172    19/23           23      2
174  0.828125    29/35           35      5
175  0.830078    44/53           53      5
176  0.832031      5/6            6     27
177  0.833984      5/6            6     38
178  0.835938    51/61           61     18
179  0.837891    31/37           37     17
180  0.839844    21/25           25      2
181  0.841797    16/19           19      3
182  0.843750    27/32           32      2
183  0.845703    11/13           13      1
184  0.849609    17/20           20      2
185  0.851562    23/27           27      2
186  0.855469    53/62           62      3
187  0.857422      6/7            7      2
188  0.869141    53/61           61      1
189  0.875000      7/8            8      2
190  0.876953    50/57           57      4
191  0.878906    29/33           33      2
192  0.880859    37/42           42      1
193  0.886719    47/53           53      1
194  0.916016    11/12           12      1
195  0.921875    47/51           51      1
196  0.947266    18/19           19      1
197  0.949219    56/59           59      1
198  0.953125    41/43           43      1
199  0.974609    38/39           39      1
200  0.976562    42/43           43      1
201  0.978516    46/47           47      1
202  0.980469    50/51           51      2
203  0.982422    56/57           57      1
204  0.984375    62/63           63      1
205  0.986328    62/63           63      1
206  0.988281    62/63           63      2
207  0.990234    62/63           63      6
208  0.992188      1/1            1      2
209  0.994141      1/1            1      5
210  0.996094      1/1            1      6
211  0.998047      1/1            1     16
    Guess for r  Guess 1  Guess 2  Sum by Guess  Repetition Count
52           32        3        1            22                 8
27           62        1        3            26                 6
33            2        1        3           111                 5
46           46        1        3            11                 4
32           52        3        1             4                 4
9             6        7        9           113                 4
23           20        3        1             7                 4
53           16        3        1            10                 4
50           58        1        3             3                 3
59            8        3        1             7                 3
44           50        1        3            14                 3
41           14        1        3             3                 2
1            10        1        3             2                 2
47           22        1        3             3                 2
51            4        3        1             2                 2
2            26        1        3             1                 1
21           38        1        3             4                 1
28           44        3        1             1                 1
31           34        1        3             1                 1
60           42        7        9             1                 1
        Phase Fraction  Guess for r  Count
0    0.000000      0/1            1     28
1    0.001953      0/1            1     19
2    0.003906      0/1            1     17
3    0.005859      0/1            1      7
4    0.007812      0/1            1      8
5    0.009766     1/63           63     10
6    0.011719     1/63           63      1
7    0.013672     1/63           63      1
8    0.015625     1/63           63      1
9    0.017578     1/57           57      2
10   0.019531     1/51           51      3
11   0.021484     1/47           47      1
12   0.023438     1/43           43      3
13   0.025391     1/39           39      3
14   0.033203     1/30           30      1
15   0.035156     2/57           57      1
16   0.039062     2/51           51      1
17   0.041016     2/49           49      1
18   0.046875     2/43           43      1
19   0.048828     2/41           41      1
20   0.058594     1/17           17      1
21   0.064453     2/31           31      1
22   0.074219     2/27           27      1
23   0.082031     5/61           61      1
24   0.083984     1/12           12      1
25   0.087891     5/57           57      1
26   0.089844     5/56           56      1
27   0.123047     7/57           57      2
28   0.125000      1/8            8      1
29   0.130859     8/61           61      1
30   0.134766     7/52           52      1
31   0.140625     8/57           57      2
32   0.144531     9/62           62      2
33   0.150391     3/20           20      1
34   0.152344     7/46           46      1
35   0.154297     2/13           13      1
36   0.156250     5/32           32      4
37   0.158203     3/19           19      5
38   0.160156     4/25           25      8
39   0.162109     6/37           37      4
40   0.164062    10/61           61     15
41   0.166016      1/6            6     24
42   0.167969      1/6            6     21
43   0.169922     9/53           53     12
44   0.171875     6/35           35      5
45   0.173828     4/23           23      7
46   0.175781    10/57           57      2
47   0.177734     8/45           45      2
48   0.181641     2/11           11      1
49   0.183594     9/49           49      3
50   0.185547     5/27           27      1
51   0.187500     3/16           16      1
52   0.191406     9/47           47      3
53   0.193359     6/31           31      1
54   0.199219      1/5            5      1
55   0.203125    12/59           59      1
56   0.210938     4/19           19      2
57   0.218750     7/32           32      1
58   0.228516     8/35           35      2
59   0.240234     6/25           25      1
60   0.244141    10/41           41      1
61   0.246094    15/61           61      1
62   0.253906    16/63           63      1
63   0.287109    17/59           59      3
64   0.289062    13/45           45      3
65   0.292969    17/58           58      6
66   0.294922    18/61           61      1
67   0.296875    11/37           37      1
68   0.298828    17/57           57      1
69   0.308594    17/55           55      1
70   0.310547     9/29           29      2
71   0.312500     5/16           16      3
72   0.314453    11/35           35      2
73   0.318359     7/22           22      3
74   0.320312     8/25           25      1
75   0.322266    19/59           59      8
76   0.324219    12/37           37      4
77   0.326172    15/46           46      6
78   0.328125    20/61           61      7
79   0.330078    20/61           61     25
80   0.332031      1/3            3     23
81   0.333984      1/3            3     20
82   0.335938      1/3            3     14
83   0.337891    21/62           62     10
84   0.339844    17/50           50     10
85   0.341797    13/38           38      5
86   0.343750    11/32           32      2
87   0.345703    19/55           55      2
88   0.347656     8/23           23      1
89   0.349609     7/20           20      1
90   0.351562    13/37           37      3
91   0.353516     6/17           17      1
92   0.361328    13/36           36      1
93   0.363281     4/11           11      1
94   0.365234    19/52           52      1
95   0.369141    17/46           46      1
96   0.373047    22/59           59      1
97   0.376953    23/61           61      1
98   0.382812    18/47           47      2
99   0.392578    11/28           28      1
100  0.394531    15/38           38      1
101  0.406250    13/32           32      1
102  0.408203    20/49           49      1
103  0.412109     7/17           17      1
104  0.417969    23/55           55      1
105  0.435547    27/62           62      1
106  0.437500     7/16           16      2
107  0.439453    18/41           41      1
108  0.443359    27/61           61      2
109  0.449219    22/49           49      2
110  0.457031    16/35           35      2
111  0.468750    15/32           32      1
112  0.472656    26/55           55      1
113  0.474609    28/59           59      2
114  0.476562    10/21           21      2
115  0.478516    11/23           23      1
116  0.480469    25/52           52      1
117  0.484375    16/33           33      2
118  0.486328    18/37           37      3
119  0.488281    21/43           43      1
120  0.490234    25/51           51      5
121  0.492188    31/63           63      3
122  0.494141    31/63           63      6
123  0.496094      1/2            2     12
124  0.498047      1/2            2     15
125  0.500000      1/2            2     23
126  0.501953      1/2            2     13
127  0.503906      1/2            2      7
128  0.505859    32/63           63      6
129  0.507812    32/63           63      7
130  0.509766    26/51           51      2
131  0.511719    22/43           43      2
132  0.513672    19/37           37      1
133  0.515625    17/33           33      2
134  0.517578    29/56           56      1
135  0.519531    27/52           52      1
136  0.521484    12/23           23      4
137  0.523438    11/21           21      1
138  0.527344    29/55           55      1
139  0.529297     9/17           17      1
140  0.531250    17/32           32      1
141  0.533203     8/15           15      1
142  0.537109    29/54           54      2
143  0.539062     7/13           13      2
144  0.542969    19/35           35      3
145  0.552734    21/38           38      1
146  0.554688      5/9            9      1
147  0.562500     9/16           16      3
148  0.564453    35/62           62      1
149  0.574219    31/54           54      1
150  0.576172    34/59           59      1
151  0.580078    29/50           50      2
152  0.583984     7/12           12      1
153  0.587891    10/17           17      1
154  0.591797    29/49           49      1
155  0.605469    23/38           38      2
156  0.613281    27/44           44      1
157  0.619141    13/21           21      1
158  0.625000      5/8            8      3
159  0.626953    37/59           59      1
160  0.628906    39/62           62      1
161  0.634766    33/52           52      1
162  0.642578     9/14           14      1
163  0.646484    11/17           17      3
164  0.648438    24/37           37      1
165  0.650391    13/20           20      1
166  0.652344    15/23           23      2
167  0.654297    36/55           55      3
168  0.656250    21/32           32      4
169  0.658203    25/38           38      6
170  0.660156    33/50           50      9
171  0.662109    41/62           62      9
172  0.664062      2/3            3     16
173  0.666016      2/3            3     26
174  0.667969      2/3            3     25
175  0.669922    41/61           61     15
176  0.671875    41/61           61     10
177  0.673828    31/46           46      7
178  0.675781    25/37           37      2
179  0.677734    40/59           59      4
180  0.681641    15/22           22      1
181  0.683594    41/60           60      1
182  0.685547    24/35           35      2
183  0.689453    20/29           29      2
184  0.691406    38/55           55      1
185  0.693359    43/62           62      1
186  0.697266    23/33           33      1
187  0.699219     7/10           10      1
188  0.734375    36/49           49      1
189  0.744141    32/43           43      1
190  0.746094    47/63           63      1
191  0.753906    46/61           61      1
192  0.759766    19/25           25      2
193  0.765625    36/47           47      1
194  0.769531    10/13           13      1
195  0.771484    27/35           35      1
196  0.773438    41/53           53      1
197  0.775391    38/49           49      1
198  0.777344      7/9            9      3
199  0.787109    37/47           47      1
200  0.791016    34/43           43      1
201  0.802734    49/61           61      1
202  0.806641    25/31           31      1
203  0.812500    13/16           16      3
204  0.814453    22/27           27      3
205  0.816406    40/49           49      2
206  0.818359     9/11           11      1
207  0.820312    32/39           39      2
208  0.824219    47/57           57      4
209  0.826172    19/23           23      5
210  0.828125    29/35           35     10
211  0.830078    44/53           53     18
212  0.832031      5/6            6     27
213  0.833984      5/6            6     19
214  0.835938    51/61           61     17
215  0.837891    31/37           37     10
216  0.839844    21/25           25      3
217  0.841797    16/19           19      7
218  0.843750    27/32           32      4
219  0.845703    11/13           13      4
220  0.847656    39/46           46      1
221  0.849609    17/20           20      1
222  0.851562    23/27           27      1
223  0.853516    35/41           41      1
224  0.855469    53/62           62      2
225  0.861328    31/36           36      3
226  0.863281    19/22           22      1
227  0.871094    27/31           31      1
228  0.875000      7/8            8      1
229  0.888672      8/9            9      1
230  0.892578    25/28           28      1
231  0.906250    29/32           32      1
232  0.912109    52/57           57      1
233  0.916016    11/12           12      1
234  0.917969    56/61           61      3
235  0.921875    47/51           51      1
236  0.929688    53/57           57      1
237  0.935547    29/31           31      1
238  0.937500    15/16           16      1
239  0.947266    18/19           19      1
240  0.953125    41/43           43      1
241  0.955078    43/45           45      1
242  0.957031    45/47           47      1
243  0.962891    26/27           27      1
244  0.968750    31/32           32      1
245  0.972656    36/37           37      2
246  0.976562    42/43           43      2
247  0.978516    46/47           47      3
248  0.980469    50/51           51      1
249  0.982422    56/57           57      1
250  0.984375    62/63           63      3
251  0.988281    62/63           63      4
252  0.990234    62/63           63      6
253  0.992188      1/1            1      3
254  0.994141      1/1            1     15
255  0.996094      1/1            1     12
256  0.998047      1/1            1     20
    Guess for r  Guess 1  Guess 2  Sum by Guess  Repetition Count
71           32        3        1            20                10
54           62        1        3            27                 8
59           16        3        1            13                 6
39           38        1        3            15                 5
55           46        1        3            16                 5
33            2        1        3            70                 5
48           52        3        1             5                 5
5            20        3        1             4                 4
8             6        7        9            91                 4
66           22        1        3             5                 3
67            8        3        1             5                 3
17           50        1        3            21                 3
42           54        7        9             3                 2
23           28        3        1             2                 2
1            56        3        1             2                 2
12           58        1        3             6                 1
58           10        1        3             1                 1
49           14        1        3             1                 1
45           44        3        1             1                 1
0            30        7        9             1                 1
        Phase Fraction  Guess for r  Count
0    0.000000      0/1            1     19
1    0.001953      0/1            1     10
2    0.003906      0/1            1     15
3    0.005859      0/1            1      9
4    0.007812      0/1            1      8
5    0.009766     1/63           63      4
6    0.011719     1/63           63      5
7    0.013672     1/63           63      3
8    0.015625     1/63           63      1
9    0.019531     1/51           51      1
10   0.021484     1/47           47      2
11   0.027344     1/37           37      1
12   0.031250     1/32           32      1
13   0.037109     1/27           27      1
14   0.041016     2/49           49      1
15   0.042969     2/47           47      1
16   0.050781     3/59           59      1
17   0.056641     3/53           53      1
18   0.060547     2/33           33      1
19   0.062500     1/16           16      1
20   0.064453     2/31           31      1
21   0.070312     4/57           57      1
22   0.074219     2/27           27      1
23   0.078125     4/51           51      1
24   0.082031     5/61           61      1
25   0.083984     1/12           12      1
26   0.085938     3/35           35      1
27   0.087891     5/57           57      2
28   0.097656     4/41           41      1
29   0.109375     6/55           55      1
30   0.113281     6/53           53      1
31   0.115234     3/26           26      1
32   0.117188     2/17           17      3
33   0.119141     5/42           42      2
34   0.123047     7/57           57      1
35   0.128906     4/31           31      1
36   0.134766     7/52           52      1
37   0.136719     3/22           22      1
38   0.140625     8/57           57      1
39   0.142578      1/7            7      3
40   0.144531     9/62           62      3
41   0.146484     6/41           41      4
42   0.148438     4/27           27      2
43   0.150391     3/20           20      4
44   0.152344     7/46           46      3
45   0.154297     2/13           13      3
46   0.156250     5/32           32      3
47   0.158203     3/19           19      5
48   0.160156     4/25           25      7
49   0.162109     6/37           37      5
50   0.164062    10/61           61      9
51   0.166016      1/6            6     18
52   0.167969      1/6            6     17
53   0.169922     9/53           53      9
54   0.171875     6/35           35     11
55   0.173828     4/23           23     10
56   0.175781    10/57           57      9
57   0.177734     8/45           45      4
58   0.179688     7/39           39      3
59   0.181641     2/11           11      1
60   0.183594     9/49           49      3
61   0.187500     3/16           16      2
62   0.189453    11/58           58      4
63   0.193359     6/31           31      1
64   0.195312     8/41           41      1
65   0.199219      1/5            5      2
66   0.201172      1/5            5      2
67   0.205078     8/39           39      4
68   0.216797    13/60           60      3
69   0.220703    13/59           59      1
70   0.224609    11/49           49      1
71   0.228516     8/35           35      1
72   0.248047      1/4            4      1
73   0.250000      1/4            4      2
74   0.251953      1/4            4      3
75   0.253906    16/63           63      1
76   0.263672    14/53           53      1
77   0.267578    15/56           56      1
78   0.285156      2/7            7      1
79   0.287109    17/59           59      1
80   0.291016    16/55           55      1
81   0.292969    17/58           58      3
82   0.294922    18/61           61      1
83   0.296875    11/37           37      1
84   0.300781     3/10           10      1
85   0.302734    10/33           33      1
86   0.308594    17/55           55      2
87   0.310547     9/29           29      3
88   0.312500     5/16           16      3
89   0.314453    11/35           35      4
90   0.316406    19/60           60      4
91   0.318359     7/22           22      5
92   0.320312     8/25           25      3
93   0.322266    19/59           59      2
94   0.324219    12/37           37      7
95   0.326172    15/46           46      4
96   0.328125    20/61           61      9
97   0.330078    20/61           61     17
98   0.332031      1/3            3     10
99   0.333984      1/3            3     13
100  0.335938      1/3            3     10
101  0.337891    21/62           62      8
102  0.339844    17/50           50      5
103  0.341797    13/38           38      7
104  0.343750    11/32           32      4
105  0.345703    19/55           55      6
106  0.347656     8/23           23      2
107  0.349609     7/20           20      3
108  0.351562    13/37           37      5
109  0.355469    16/45           45      1
110  0.357422     5/14           14      5
111  0.359375    14/39           39      1
112  0.361328    13/36           36      2
113  0.363281     4/11           11      1
114  0.365234    19/52           52      3
115  0.369141    17/46           46      1
116  0.371094    23/62           62      1
117  0.373047    22/59           59      1
118  0.375000      3/8            8      3
119  0.376953    23/61           61      2
120  0.382812    18/47           47      3
121  0.384766     5/13           13      3
122  0.386719    17/44           44      1
123  0.394531    15/38           38      1
124  0.396484    23/58           58      1
125  0.404297    19/47           47      1
126  0.408203    20/49           49      1
127  0.412109     7/17           17      1
128  0.417969    23/55           55      1
129  0.423828    25/59           59      2
130  0.431641    19/44           44      1
131  0.443359    27/61           61      2
132  0.453125    24/53           53      1
133  0.455078     5/11           11      1
134  0.457031    16/35           35      1
135  0.466797     7/15           15      1
136  0.468750    15/32           32      1
137  0.472656    26/55           55      1
138  0.474609    28/59           59      3
139  0.476562    10/21           21      1
140  0.478516    11/23           23      2
141  0.480469    25/52           52      1
142  0.482422    27/56           56      5
143  0.484375    16/33           33      3
144  0.486328    18/37           37      2
145  0.488281    21/43           43      3
146  0.490234    25/51           51      6
147  0.492188    31/63           63     15
148  0.494141    31/63           63      3
149  0.496094      1/2            2      7
150  0.498047      1/2            2     15
151  0.500000      1/2            2     20
152  0.501953      1/2            2      8
153  0.503906      1/2            2     14
154  0.505859    32/63           63      7
155  0.507812    32/63           63      5
156  0.509766    26/51           51      4
157  0.511719    22/43           43      1
158  0.513672    19/37           37      2
159  0.515625    17/33           33      2
160  0.517578    29/56           56      1
161  0.519531    27/52           52      2
162  0.521484    12/23           23      1
163  0.523438    11/21           21      1
164  0.525391    31/59           59      1
165  0.531250    17/32           32      2
166  0.544922     6/11           11      2
167  0.548828    28/51           51      2
168  0.562500     9/16           16      1
169  0.568359    25/44           44      1
170  0.578125    26/45           45      1
171  0.580078    29/50           50      1
172  0.582031    32/55           55      2
173  0.583984     7/12           12      1
174  0.585938    17/29           29      1
175  0.595703    28/47           47      1
176  0.603516    35/58           58      1
177  0.605469    23/38           38      1
178  0.613281    27/44           44      1
179  0.619141    13/21           21      2
180  0.621094    18/29           29      1
181  0.623047    38/61           61      1
182  0.625000      5/8            8      1
183  0.626953    37/59           59      3
184  0.630859    29/46           46      2
185  0.640625    25/39           39      1
186  0.642578     9/14           14      2
187  0.644531    29/45           45      3
188  0.646484    11/17           17      2
189  0.648438    24/37           37      1
190  0.650391    13/20           20      5
191  0.652344    15/23           23      5
192  0.654297    36/55           55      5
193  0.656250    21/32           32      4
194  0.658203    25/38           38      6
195  0.660156    33/50           50      6
196  0.662109    41/62           62      9
197  0.664062      2/3            3     16
198  0.666016      2/3            3     16
199  0.667969      2/3            3     16
200  0.669922    41/61           61      3
201  0.671875    41/61           61      9
202  0.673828    31/46           46      5
203  0.675781    25/37           37      5
204  0.677734    40/59           59      5
205  0.679688    17/25           25      3
206  0.681641    15/22           22      4
207  0.685547    24/35           35      2
208  0.687500    11/16           16      1
209  0.689453    20/29           29      1
210  0.691406    38/55           55      3
211  0.693359    43/62           62      1
212  0.695312    16/23           23      2
213  0.697266    23/33           33      2
214  0.703125    26/37           37      1
215  0.707031    41/58           58      4
216  0.708984    39/55           55      1
217  0.710938    32/45           45      1
218  0.712891    42/59           59      1
219  0.716797    43/60           60      1
220  0.724609    29/40           40      2
221  0.726562     8/11           11      1
222  0.728516    43/59           59      1
223  0.734375    36/49           49      2
224  0.738281    31/42           42      1
225  0.744141    32/43           43      1
226  0.746094    47/63           63      1
227  0.748047      3/4            4      3
228  0.751953      3/4            4      3
229  0.753906    46/61           61      1
230  0.761719    16/21           21      1
231  0.783203    47/60           60      1
232  0.785156    11/14           14      1
233  0.791016    34/43           43      1
234  0.796875    47/59           59      1
235  0.802734    49/61           61      1
236  0.808594    38/47           47      2
237  0.810547    47/58           58      3
238  0.812500    13/16           16      4
239  0.814453    22/27           27      1
240  0.818359     9/11           11      5
241  0.820312    32/39           39      1
242  0.822266    37/45           45      3
243  0.824219    47/57           57      6
244  0.826172    19/23           23      7
245  0.828125    29/35           35      9
246  0.830078    44/53           53      7
247  0.832031      5/6            6     13
248  0.833984      5/6            6     15
249  0.835938    51/61           61     10
250  0.837891    31/37           37      8
251  0.839844    21/25           25      8
252  0.841797    16/19           19      4
253  0.843750    27/32           32      4
254  0.845703    11/13           13      3
255  0.847656    39/46           46      3
256  0.849609    17/20           20      1
257  0.851562    23/27           27      3
258  0.853516    35/41           41      2
259  0.855469    53/62           62      2
260  0.857422      6/7            7      3
261  0.865234    45/52           52      1
262  0.867188    13/15           15      1
263  0.869141    53/61           61      1
264  0.873047    55/63           63      1
265  0.875000      7/8            8      2
266  0.876953    50/57           57      1
267  0.882812    15/17           17      1
268  0.888672      8/9            9      1
269  0.890625    49/55           55      1
270  0.894531    17/19           19      2
271  0.908203    49/54           54      1
272  0.914062    32/35           35      4
273  0.916016    11/12           12      2
274  0.921875    47/51           51      1
275  0.927734    51/55           55      2
276  0.939453    31/33           33      1
277  0.941406    16/17           17      1
278  0.945312    52/55           55      2
279  0.947266    18/19           19      1
280  0.951172    39/41           41      1
281  0.953125    41/43           43      1
282  0.955078    43/45           45      1
283  0.957031    45/47           47      2
284  0.962891    26/27           27      1
285  0.968750    31/32           32      2
286  0.970703    33/34           34      1
287  0.974609    38/39           39      1
288  0.978516    46/47           47      3
289  0.980469    50/51           51      2
290  0.982422    56/57           57      3
291  0.984375    62/63           63      2
292  0.986328    62/63           63      1
293  0.988281    62/63           63      5
294  0.990234    62/63           63      5
295  0.992188      1/1            1      5
296  0.994141      1/1            1      9
297  0.996094      1/1            1      6
298  0.998047      1/1            1     15
    Guess for r  Guess 1  Guess 2  Sum by Guess  Repetition Count
0            32        3        1            21                 8
35           58        1        3            16                 6
31           62        1        3            24                 6
62           46        1        3            18                 6
48           16        3        1            12                 6
80           52        3        1             8                 5
43            2        1        3            64                 5
70            4        3        1            12                 5
27           20        3        1            13                 4
11            6        7        9            63                 4
59           38        1        3            15                 4
53           44        3        1             4                 4
5            22        1        3            10                 3
81            8        3        1             6                 3
71           14        1        3             8                 3
39           56        3        1             7                 3
24           50        1        3            12                 3
3            42        7        9             3                 2
67           40        3        1             2                 1
19           10        1        3             1                 1
82           54        7        9             1                 1
2            26        1        3             1                 1
84           34        1        3             1                 1
        Phase Fraction  Guess for r  Count
0    0.000000      0/1            1     15
1    0.001953      0/1            1     21
2    0.003906      0/1            1      6
3    0.005859      0/1            1      8
4    0.007812      0/1            1      8
5    0.009766     1/63           63      5
6    0.011719     1/63           63      3
7    0.013672     1/63           63      4
8    0.015625     1/63           63      4
9    0.017578     1/57           57      1
10   0.019531     1/51           51      3
11   0.021484     1/47           47      3
12   0.023438     1/43           43      2
13   0.025391     1/39           39      1
14   0.027344     1/37           37      4
15   0.029297     1/34           34      1
16   0.031250     1/32           32      4
17   0.035156     2/57           57      1
18   0.041016     2/49           49      1
19   0.042969     2/47           47      2
20   0.054688     3/55           55      1
21   0.060547     2/33           33      1
22   0.062500     1/16           16      1
23   0.066406     1/15           15      2
24   0.070312     4/57           57      1
25   0.074219     2/27           27      1
26   0.078125     4/51           51      2
27   0.080078     2/25           25      2
28   0.085938     3/35           35      1
29   0.089844     5/56           56      1
30   0.093750     3/32           32      1
31   0.109375     6/55           55      1
32   0.117188     2/17           17      1
33   0.119141     5/42           42      1
34   0.123047     7/57           57      1
35   0.125000      1/8            8      2
36   0.126953     8/63           63      2
37   0.128906     4/31           31      1
38   0.132812     2/15           15      2
39   0.138672     5/36           36      1
40   0.140625     8/57           57      1
41   0.142578      1/7            7      1
42   0.144531     9/62           62      2
43   0.146484     6/41           41      2
44   0.148438     4/27           27      2
45   0.150391     3/20           20      2
46   0.152344     7/46           46      1
47   0.154297     2/13           13      5
48   0.156250     5/32           32      3
49   0.158203     3/19           19      6
50   0.160156     4/25           25      8
51   0.162109     6/37           37     10
52   0.164062    10/61           61     13
53   0.166016      1/6            6     14
54   0.167969      1/6            6     10
55   0.169922     9/53           53      4
56   0.171875     6/35           35      7
57   0.173828     4/23           23      9
58   0.175781    10/57           57      8
59   0.177734     8/45           45      6
60   0.179688     7/39           39      3
61   0.181641     2/11           11      2
62   0.183594     9/49           49      2
63   0.185547     5/27           27      3
64   0.187500     3/16           16      2
65   0.189453    11/58           58      1
66   0.191406     9/47           47      1
67   0.193359     6/31           31      2
68   0.197266    12/61           61      1
69   0.199219      1/5            5      1
70   0.201172      1/5            5      1
71   0.208984     9/43           43      1
72   0.214844     3/14           14      2
73   0.216797    13/60           60      1
74   0.218750     7/32           32      1
75   0.224609    11/49           49      1
76   0.228516     8/35           35      1
77   0.232422    10/43           43      1
78   0.242188     8/33           33      2
79   0.248047      1/4            4      1
80   0.250000      1/4            4      2
81   0.253906    16/63           63      1
82   0.263672    14/53           53      3
83   0.267578    15/56           56      1
84   0.269531     7/26           26      1
85   0.271484    16/59           59      2
86   0.283203    17/60           60      1
87   0.285156      2/7            7      1
88   0.287109    17/59           59      1
89   0.291016    16/55           55      3
90   0.292969    17/58           58      1
91   0.296875    11/37           37      1
92   0.298828    17/57           57      2
93   0.302734    10/33           33      1
94   0.306641    19/62           62      2
95   0.308594    17/55           55      1
96   0.310547     9/29           29      1
97   0.314453    11/35           35      2
98   0.316406    19/60           60      2
99   0.318359     7/22           22      3
100  0.320312     8/25           25      2
101  0.322266    19/59           59      5
102  0.324219    12/37           37      7
103  0.326172    15/46           46      4
104  0.328125    20/61           61      6
105  0.330078    20/61           61     10
106  0.332031      1/3            3     13
107  0.333984      1/3            3     14
108  0.335938      1/3            3      8
109  0.337891    21/62           62      5
110  0.339844    17/50           50     11
111  0.341797    13/38           38      4
112  0.343750    11/32           32      7
113  0.345703    19/55           55      2
114  0.347656     8/23           23      3
115  0.349609     7/20           20      1
116  0.351562    13/37           37      1
117  0.353516     6/17           17      1
118  0.355469    16/45           45      2
119  0.357422     5/14           14      2
120  0.359375    14/39           39      1
121  0.361328    13/36           36      1
122  0.363281     4/11           11      1
123  0.365234    19/52           52      1
124  0.376953    23/61           61      1
125  0.378906    11/29           29      1
126  0.380859     8/21           21      2
127  0.386719    17/44           44      2
128  0.388672     7/18           18      1
129  0.394531    15/38           38      2
130  0.406250    13/32           32      1
131  0.408203    20/49           49      1
132  0.410156    16/39           39      1
133  0.412109     7/17           17      1
134  0.414062    12/29           29      1
135  0.416016     5/12           12      2
136  0.421875    19/45           45      3
137  0.423828    25/59           59      1
138  0.439453    18/41           41      1
139  0.451172    23/51           51      1
140  0.453125    24/53           53      1
141  0.460938     6/13           13      2
142  0.462891    25/54           54      2
143  0.464844    20/43           43      1
144  0.468750    15/32           32      1
145  0.472656    26/55           55      1
146  0.476562    10/21           21      1
147  0.478516    11/23           23      4
148  0.484375    16/33           33      4
149  0.486328    18/37           37      2
150  0.488281    21/43           43      3
151  0.490234    25/51           51      7
152  0.492188    31/63           63     10
153  0.494141    31/63           63     10
154  0.496094      1/2            2     14
155  0.498047      1/2            2     15
156  0.500000      1/2            2     17
157  0.501953      1/2            2     11
158  0.503906      1/2            2      8
159  0.505859    32/63           63      6
160  0.507812    32/63           63      6
161  0.509766    26/51           51      1
162  0.511719    22/43           43      5
163  0.513672    19/37           37      1
164  0.515625    17/33           33      5
165  0.519531    27/52           52      3
166  0.521484    12/23           23      2
167  0.523438    11/21           21      3
168  0.527344    29/55           55      1
169  0.529297     9/17           17      1
170  0.531250    17/32           32      1
171  0.541016    33/61           61      1
172  0.542969    19/35           35      1
173  0.544922     6/11           11      3
174  0.548828    28/51           51      1
175  0.554688      5/9            9      2
176  0.556641    34/61           61      2
177  0.558594    19/34           34      1
178  0.560547    23/41           41      1
179  0.568359    25/44           44      1
180  0.574219    31/54           54      1
181  0.578125    26/45           45      1
182  0.585938    17/29           29      1
183  0.587891    10/17           17      1
184  0.591797    29/49           49      1
185  0.593750    19/32           32      1
186  0.595703    28/47           47      1
187  0.597656    37/62           62      1
188  0.599609      3/5            5      2
189  0.601562      3/5            5      3
190  0.607422    17/28           28      1
191  0.613281    27/44           44      1
192  0.617188    29/47           47      2
193  0.619141    13/21           21      1
194  0.621094    18/29           29      2
195  0.626953    37/59           59      2
196  0.628906    39/62           62      2
197  0.630859    29/46           46      2
198  0.632812    31/49           49      1
199  0.636719     7/11           11      2
200  0.640625    25/39           39      2
201  0.642578     9/14           14      1
202  0.644531    29/45           45      2
203  0.646484    11/17           17      3
204  0.648438    24/37           37      2
205  0.650391    13/20           20      1
206  0.652344    15/23           23      3
207  0.654297    36/55           55      2
208  0.656250    21/32           32      2
209  0.658203    25/38           38      3
210  0.660156    33/50           50      4
211  0.662109    41/62           62     10
212  0.664062      2/3            3     10
213  0.666016      2/3            3     11
214  0.667969      2/3            3     14
215  0.669922    41/61           61     10
216  0.671875    41/61           61      3
217  0.673828    31/46           46      6
218  0.675781    25/37           37      9
219  0.677734    40/59           59      4
220  0.679688    17/25           25      1
221  0.681641    15/22           22      3
222  0.685547    24/35           35      4
223  0.687500    11/16           16      2
224  0.689453    20/29           29      2
225  0.691406    38/55           55      3
226  0.695312    16/23           23      1
227  0.697266    23/33           33      3
228  0.699219     7/10           10      1
229  0.701172    40/57           57      2
230  0.703125    26/37           37      2
231  0.707031    41/58           58      1
232  0.708984    39/55           55      3
233  0.710938    32/45           45      2
234  0.712891    42/59           59      1
235  0.716797    43/60           60      2
236  0.720703    31/43           43      1
237  0.722656    13/18           18      1
238  0.724609    29/40           40      1
239  0.740234    37/50           50      1
240  0.744141    32/43           43      1
241  0.748047      3/4            4      1
242  0.750000      3/4            4      1
243  0.755859    31/41           41      1
244  0.761719    16/21           21      1
245  0.763672    42/55           55      1
246  0.771484    27/35           35      1
247  0.773438    41/53           53      2
248  0.779297    46/59           59      1
249  0.781250    25/32           32      1
250  0.785156    11/14           14      1
251  0.787109    37/47           47      1
252  0.789062    15/19           19      1
253  0.792969    23/29           29      3
254  0.806641    25/31           31      2
255  0.808594    38/47           47      2
256  0.810547    47/58           58      2
257  0.812500    13/16           16      4
258  0.814453    22/27           27      1
259  0.816406    40/49           49      2
260  0.818359     9/11           11      3
261  0.820312    32/39           39      2
262  0.822266    37/45           45      6
263  0.824219    47/57           57      7
264  0.826172    19/23           23      5
265  0.828125    29/35           35      8
266  0.830078    44/53           53      5
267  0.832031      5/6            6     16
268  0.833984      5/6            6     12
269  0.835938    51/61           61      9
270  0.837891    31/37           37     10
271  0.839844    21/25           25      8
272  0.841797    16/19           19      7
273  0.843750    27/32           32      4
274  0.845703    11/13           13      5
275  0.847656    39/46           46      3
276  0.849609    17/20           20      4
277  0.851562    23/27           27      2
278  0.853516    35/41           41      4
279  0.855469    53/62           62      2
280  0.859375    49/57           57      1
281  0.861328    31/36           36      1
282  0.863281    19/22           22      1
283  0.865234    45/52           52      2
284  0.867188    13/15           15      1
285  0.869141    53/61           61      1
286  0.871094    27/31           31      3
287  0.873047    55/63           63      1
288  0.876953    50/57           57      1
289  0.880859    37/42           42      1
290  0.882812    15/17           17      1
291  0.886719    47/53           53      2
292  0.890625    49/55           55      1
293  0.898438    53/59           59      1
294  0.900391     9/10           10      1
295  0.904297    47/52           52      1
296  0.906250    29/32           32      1
297  0.908203    49/54           54      3
298  0.910156    51/56           56      1
299  0.916016    11/12           12      1
300  0.917969    56/61           61      2
301  0.933594    14/15           15      1
302  0.935547    29/31           31      3
303  0.951172    39/41           41      1
304  0.953125    41/43           43      1
305  0.955078    43/45           45      2
306  0.957031    45/47           47      2
307  0.958984    47/49           49      1
308  0.960938    49/51           51      1
309  0.962891    26/27           27      3
310  0.966797    29/30           30      2
311  0.972656    36/37           37      1
312  0.976562    42/43           43      1
313  0.978516    46/47           47      3
314  0.980469    50/51           51      4
315  0.982422    56/57           57      1
316  0.984375    62/63           63      1
317  0.986328    62/63           63      4
318  0.988281    62/63           63      4
319  0.990234    62/63           63      5
320  0.992188      1/1            1     10
321  0.994141      1/1            1     12
322  0.996094      1/1            1      7
323  0.998047      1/1            1     11
    Guess for r  Guess 1  Guess 2  Sum by Guess  Repetition Count
44           32        3        1            28                13
22           62        1        3            24                 7
53           46        1        3            16                 5
42            2        1        3            65                 5
64           58        1        3             5                 4
11            6        7        9            52                 4
54           14        1        3             6                 4
55           20        3        1             8                 4
62           16        3        1             9                 4
81           52        3        1             7                 4
68            4        3        1             5                 4
32           44        3        1             4                 3
87           56        3        1             3                 3
34           38        1        3             9                 3
36           54        7        9             6                 3
23           22        1        3             7                 3
67           50        1        3            16                 3
83           10        1        3             2                 2
82           42        7        9             2                 2
0            34        1        3             2                 2
65           18        7        9             2                 2
66           40        3        1             1                 1
50           28        3        1             1                 1
20           26        1        3             1                 1
6             8        3        1             2                 1
88           30        7        9             2                 1
        Phase Fraction  Guess for r  Count
0    0.000000      0/1            1     15
1    0.001953      0/1            1     12
2    0.003906      0/1            1      8
3    0.005859      0/1            1      5
4    0.007812      0/1            1      6
5    0.009766     1/63           63      4
6    0.011719     1/63           63      4
7    0.013672     1/63           63      4
8    0.015625     1/63           63      1
9    0.017578     1/57           57      3
10   0.019531     1/51           51      4
11   0.023438     1/43           43      3
12   0.025391     1/39           39      1
13   0.027344     1/37           37      1
14   0.031250     1/32           32      2
15   0.033203     1/30           30      1
16   0.035156     2/57           57      2
17   0.039062     2/51           51      1
18   0.042969     2/47           47      3
19   0.044922     2/45           45      1
20   0.046875     2/43           43      1
21   0.048828     2/41           41      1
22   0.054688     3/55           55      1
23   0.056641     3/53           53      1
24   0.060547     2/33           33      1
25   0.066406     1/15           15      1
26   0.070312     4/57           57      1
27   0.074219     2/27           27      1
28   0.078125     4/51           51      1
29   0.082031     5/61           61      3
30   0.083984     1/12           12      1
31   0.085938     3/35           35      2
32   0.087891     5/57           57      1
33   0.091797     5/54           54      1
34   0.093750     3/32           32      1
35   0.101562     6/59           59      1
36   0.105469     2/19           19      1
37   0.107422     3/28           28      2
38   0.119141     5/42           42      1
39   0.121094     4/33           33      1
40   0.123047     7/57           57      2
41   0.125000      1/8            8      1
42   0.126953     8/63           63      3
43   0.128906     4/31           31      2
44   0.130859     8/61           61      1
45   0.132812     2/15           15      2
46   0.134766     7/52           52      2
47   0.136719     3/22           22      1
48   0.138672     5/36           36      1
49   0.142578      1/7            7      1
50   0.146484     6/41           41      2
51   0.148438     4/27           27      3
52   0.150391     3/20           20      2
53   0.152344     7/46           46      1
54   0.154297     2/13           13      2
55   0.156250     5/32           32      4
56   0.158203     3/19           19      8
57   0.160156     4/25           25      5
58   0.162109     6/37           37      9
59   0.164062    10/61           61      6
60   0.166016      1/6            6     15
61   0.167969      1/6            6     10
62   0.169922     9/53           53     13
63   0.171875     6/35           35      8
64   0.173828     4/23           23     11
65   0.175781    10/57           57      3
66   0.177734     8/45           45      2
67   0.179688     7/39           39      2
68   0.181641     2/11           11      4
69   0.183594     9/49           49      1
70   0.187500     3/16           16      2
71   0.189453    11/58           58      1
72   0.193359     6/31           31      1
73   0.195312     8/41           41      2
74   0.197266    12/61           61      2
75   0.207031     6/29           29      4
76   0.208984     9/43           43      3
77   0.210938     4/19           19      1
78   0.214844     3/14           14      1
79   0.218750     7/32           32      1
80   0.220703    13/59           59      1
81   0.222656      2/9            9      2
82   0.230469     3/13           13      1
83   0.234375    11/47           47      1
84   0.236328    13/55           55      1
85   0.240234     6/25           25      2
86   0.242188     8/33           33      1
87   0.244141    10/41           41      1
88   0.246094    15/61           61      1
89   0.250000      1/4            4      3
90   0.253906    16/63           63      1
91   0.255859    11/43           43      2
92   0.257812     8/31           31      1
93   0.261719    11/42           42      2
94   0.263672    14/53           53      2
95   0.265625    13/49           49      1
96   0.267578    15/56           56      1
97   0.271484    16/59           59      1
98   0.275391    11/40           40      1
99   0.283203    17/60           60      1
100  0.285156      2/7            7      1
101  0.287109    17/59           59      1
102  0.289062    13/45           45      2
103  0.291016    16/55           55      3
104  0.294922    18/61           61      2
105  0.296875    11/37           37      2
106  0.298828    17/57           57      1
107  0.300781     3/10           10      1
108  0.302734    10/33           33      2
109  0.304688     7/23           23      1
110  0.308594    17/55           55      4
111  0.310547     9/29           29      1
112  0.312500     5/16           16      2
113  0.314453    11/35           35      3
114  0.316406    19/60           60      1
115  0.318359     7/22           22      5
116  0.320312     8/25           25      4
117  0.322266    19/59           59      1
118  0.324219    12/37           37      8
119  0.326172    15/46           46      2
120  0.328125    20/61           61      8
121  0.330078    20/61           61      5
122  0.332031      1/3            3      8
123  0.333984      1/3            3      9
124  0.335938      1/3            3     16
125  0.337891    21/62           62      6
126  0.339844    17/50           50      7
127  0.341797    13/38           38      4
128  0.343750    11/32           32      5
129  0.345703    19/55           55      3
130  0.347656     8/23           23      4
131  0.349609     7/20           20      3
132  0.351562    13/37           37      2
133  0.353516     6/17           17      2
134  0.355469    16/45           45      3
135  0.359375    14/39           39      2
136  0.361328    13/36           36      3
137  0.363281     4/11           11      1
138  0.365234    19/52           52      2
139  0.371094    23/62           62      2
140  0.373047    22/59           59      2
141  0.376953    23/61           61      1
142  0.380859     8/21           21      1
143  0.382812    18/47           47      1
144  0.386719    17/44           44      1
145  0.388672     7/18           18      1
146  0.394531    15/38           38      2
147  0.396484    23/58           58      3
148  0.398438      2/5            5      3
149  0.402344    25/62           62      1
150  0.404297    19/47           47      1
151  0.406250    13/32           32      1
152  0.412109     7/17           17      1
153  0.414062    12/29           29      2
154  0.416016     5/12           12      2
155  0.417969    23/55           55      3
156  0.419922    21/50           50      2
157  0.421875    19/45           45      1
158  0.437500     7/16           16      2
159  0.439453    18/41           41      1
160  0.445312      4/9            9      1
161  0.453125    24/53           53      1
162  0.457031    16/35           35      3
163  0.458984    28/61           61      1
164  0.460938     6/13           13      2
165  0.464844    20/43           43      2
166  0.466797     7/15           15      2
167  0.470703     8/17           17      1
168  0.472656    26/55           55      1
169  0.476562    10/21           21      5
170  0.478516    11/23           23      4
171  0.482422    27/56           56      1
172  0.484375    16/33           33      4
173  0.486328    18/37           37      2
174  0.488281    21/43           43      2
175  0.490234    25/51           51      3
176  0.492188    31/63           63      7
177  0.494141    31/63           63     11
178  0.496094      1/2            2      7
179  0.498047      1/2            2     10
180  0.500000      1/2            2     21
181  0.501953      1/2            2     13
182  0.503906      1/2            2      8
183  0.505859    32/63           63     10
184  0.507812    32/63           63      5
185  0.509766    26/51           51      4
186  0.511719    22/43           43      4
187  0.513672    19/37           37      3
188  0.517578    29/56           56      2
189  0.521484    12/23           23      2
190  0.525391    31/59           59      2
191  0.527344    29/55           55      2
192  0.529297     9/17           17      2
193  0.531250    17/32           32      2
194  0.533203     8/15           15      1
195  0.537109    29/54           54      1
196  0.539062     7/13           13      2
197  0.541016    33/61           61      2
198  0.544922     6/11           11      1
199  0.546875    29/53           53      1
200  0.548828    28/51           51      3
201  0.556641    34/61           61      2
202  0.558594    19/34           34      1
203  0.560547    23/41           41      1
204  0.568359    25/44           44      3
205  0.574219    31/54           54      1
206  0.576172    34/59           59      2
207  0.582031    32/55           55      1
208  0.583984     7/12           12      1
209  0.585938    17/29           29      1
210  0.587891    10/17           17      1
211  0.591797    29/49           49      2
212  0.595703    28/47           47      2
213  0.597656    37/62           62      2
214  0.599609      3/5            5      1
215  0.601562      3/5            5      1
216  0.605469    23/38           38      1
217  0.607422    17/28           28      1
218  0.615234     8/13           13      2
219  0.617188    29/47           47      2
220  0.625000      5/8            8      3
221  0.626953    37/59           59      1
222  0.628906    39/62           62      2
223  0.632812    31/49           49      2
224  0.634766    33/52           52      1
225  0.636719     7/11           11      5
226  0.638672    23/36           36      2
227  0.640625    25/39           39      1
228  0.642578     9/14           14      2
229  0.644531    29/45           45      1
230  0.648438    24/37           37      1
231  0.650391    13/20           20      2
232  0.652344    15/23           23      4
233  0.656250    21/32           32      4
234  0.658203    25/38           38      6
235  0.660156    33/50           50      9
236  0.662109    41/62           62      5
237  0.664062      2/3            3     11
238  0.666016      2/3            3      5
239  0.667969      2/3            3      4
240  0.669922    41/61           61      8
241  0.671875    41/61           61      9
242  0.673828    31/46           46      6
243  0.675781    25/37           37      2
244  0.677734    40/59           59      5
245  0.679688    17/25           25      3
246  0.681641    15/22           22      3
247  0.683594    41/60           60      5
248  0.685547    24/35           35      3
249  0.687500    11/16           16      1
250  0.689453    20/29           29      1
251  0.693359    43/62           62      2
252  0.695312    16/23           23      1
253  0.701172    40/57           57      3
254  0.705078    43/61           61      5
255  0.707031    41/58           58      1
256  0.708984    39/55           55      3
257  0.712891    42/59           59      3
258  0.714844      5/7            7      1
259  0.718750    23/32           32      2
260  0.722656    13/18           18      2
261  0.724609    29/40           40      1
262  0.726562     8/11           11      1
263  0.730469    19/26           26      2
264  0.744141    32/43           43      1
265  0.746094    47/63           63      1
266  0.748047      3/4            4      1
267  0.750000      3/4            4      1
268  0.751953      3/4            4      4
269  0.753906    46/61           61      1
270  0.755859    31/41           41      2
271  0.763672    42/55           55      1
272  0.767578    33/43           43      1
273  0.769531    10/13           13      1
274  0.775391    38/49           49      1
275  0.781250    25/32           32      1
276  0.787109    37/47           47      4
277  0.792969    23/29           29      2
278  0.794922    31/39           39      4
279  0.800781      4/5            5      2
280  0.802734    49/61           61      1
281  0.806641    25/31           31      1
282  0.808594    38/47           47      2
283  0.814453    22/27           27      5
284  0.816406    40/49           49      3
285  0.818359     9/11           11      2
286  0.820312    32/39           39      6
287  0.822266    37/45           45      7
288  0.824219    47/57           57      4
289  0.826172    19/23           23      8
290  0.828125    29/35           35      6
291  0.830078    44/53           53      5
292  0.832031      5/6            6      6
293  0.833984      5/6            6      7
294  0.835938    51/61           61      6
295  0.837891    31/37           37      3
296  0.839844    21/25           25      8
297  0.841797    16/19           19      5
298  0.843750    27/32           32      4
299  0.845703    11/13           13      1
300  0.847656    39/46           46      1
301  0.849609    17/20           20      3
302  0.853516    35/41           41      1
303  0.855469    53/62           62      3
304  0.857422      6/7            7      5
305  0.861328    31/36           36      1
306  0.865234    45/52           52      2
307  0.869141    53/61           61      1
308  0.871094    27/31           31      2
309  0.873047    55/63           63      2
310  0.875000      7/8            8      2
311  0.876953    50/57           57      2
312  0.888672      8/9            9      1
313  0.890625    49/55           55      1
314  0.906250    29/32           32      1
315  0.908203    49/54           54      1
316  0.914062    32/35           35      1
317  0.917969    56/61           61      1
318  0.919922    23/25           25      1
319  0.923828    49/53           53      1
320  0.925781    25/27           27      1
321  0.927734    51/55           55      1
322  0.929688    53/57           57      1
323  0.935547    29/31           31      2
324  0.937500    15/16           16      1
325  0.943359    50/53           53      1
326  0.949219    56/59           59      1
327  0.951172    39/41           41      1
328  0.953125    41/43           43      1
329  0.955078    43/45           45      1
330  0.960938    49/51           51      1
331  0.962891    26/27           27      1
332  0.964844    55/57           57      1
333  0.966797    29/30           30      1
334  0.968750    31/32           32      2
335  0.970703    33/34           34      2
336  0.972656    36/37           37      1
337  0.974609    38/39           39      3
338  0.976562    42/43           43      4
339  0.978516    46/47           47      4
340  0.980469    50/51           51      1
341  0.982422    56/57           57      2
342  0.984375    62/63           63      4
343  0.986328    62/63           63      2
344  0.988281    62/63           63      8
345  0.990234    62/63           63      7
346  0.992188      1/1            1      6
347  0.994141      1/1            1      5
348  0.996094      1/1            1     10
349  0.998047      1/1            1     13
    Guess for r  Guess 1  Guess 2  Sum by Guess  Repetition Count
0            32        3        1            30                13
64           62        1        3            23                 8
67           16        3        1             8                 5
45            2        1        3            59                 5
75            4        3        1             9                 4
30           20        3        1            10                 4
62           38        1        3            13                 4
13            6        7        9            38                 4
65           46        1        3            10                 4
7            52        3        1             7                 4
87           54        7        9             4                 4
85            8        3        1             6                 3
24           22        1        3             9                 3
39           50        1        3            18                 3
41           56        3        1             4                 3
69           58        1        3             5                 3
5            42        7        9             3                 2
33           44        3        1             4                 2
34           18        7        9             3                 2
4            28        3        1             3                 2
89           30        7        9             2                 2
16           14        1        3             3                 2
72           40        3        1             2                 2
50           34        1        3             3                 2
22           10        1        3             1                 1
73           26        1        3             2                 1
Correct result: 38 out of 279 (13.62% correct)
        Key  Correct percentage
0     1e-05           60.450820
1  0.000208           32.658960
2  0.000406           29.449838
3  0.000604           19.565217
4  0.000802           18.245614
5     0.001           13.620072
