        Phase Fraction  Guess for r  Count
0    0.000000      0/1            1     46
1    0.001953      0/1            1     26
2    0.003906      0/1            1      6
3    0.005859      0/1            1      6
4    0.007812      0/1            1      5
5    0.009766     1/63           63      6
6    0.011719     1/63           63      3
7    0.013672     1/63           63      1
8    0.015625     1/63           63      1
9    0.019531     1/51           51      1
10   0.021484     1/47           47      2
11   0.023438     1/43           43      1
12   0.042969     2/47           47      2
13   0.054688     3/55           55      1
14   0.074219     2/27           27      1
15   0.093750     3/32           32      1
16   0.099609     1/10           10      1
17   0.105469     2/19           19      2
18   0.109375     6/55           55      1
19   0.119141     5/42           42      1
20   0.123047     7/57           57      1
21   0.125000      1/8            8      2
22   0.134766     7/52           52      2
23   0.136719     3/22           22      1
24   0.140625     8/57           57      1
25   0.142578      1/7            7      1
26   0.144531     9/62           62      1
27   0.146484     6/41           41      3
28   0.148438     4/27           27      1
29   0.152344     7/46           46      3
30   0.156250     5/32           32     11
31   0.158203     3/19           19      2
32   0.160156     4/25           25      6
33   0.162109     6/37           37      6
34   0.164062    10/61           61     27
35   0.166016      1/6            6     28
36   0.167969      1/6            6     19
37   0.169922     9/53           53      5
38   0.171875     6/35           35     12
39   0.173828     4/23           23      3
40   0.175781    10/57           57      4
41   0.177734     8/45           45      4
42   0.179688     7/39           39      1
43   0.181641     2/11           11      2
44   0.183594     9/49           49      1
45   0.185547     5/27           27      2
46   0.187500     3/16           16      3
47   0.191406     9/47           47      1
48   0.195312     8/41           41      2
49   0.197266    12/61           61      1
50   0.203125    12/59           59      1
51   0.207031     6/29           29      1
52   0.210938     4/19           19      1
53   0.224609    11/49           49      1
54   0.251953      1/4            4      1
55   0.259766    13/50           50      1
56   0.269531     7/26           26      1
57   0.281250     9/32           32      1
58   0.285156      2/7            7      2
59   0.291016    16/55           55      2
60   0.300781     3/10           10      1
61   0.306641    19/62           62      1
62   0.308594    17/55           55      2
63   0.312500     5/16           16      4
64   0.314453    11/35           35      2
65   0.316406    19/60           60      2
66   0.318359     7/22           22      1
67   0.320312     8/25           25      4
68   0.322266    19/59           59      3
69   0.324219    12/37           37      3
70   0.326172    15/46           46      3
71   0.328125    20/61           61     12
72   0.330078    20/61           61      6
73   0.332031      1/3            3     23
74   0.333984      1/3            3     24
75   0.335938      1/3            3     19
76   0.337891    21/62           62      8
77   0.339844    17/50           50      4
78   0.341797    13/38           38      9
79   0.343750    11/32           32      1
80   0.345703    19/55           55      1
81   0.347656     8/23           23      1
82   0.351562    13/37           37      3
83   0.353516     6/17           17      1
84   0.355469    16/45           45      1
85   0.357422     5/14           14      2
86   0.359375    14/39           39      1
87   0.363281     4/11           11      1
88   0.369141    17/46           46      1
89   0.371094    23/62           62      1
90   0.375000      3/8            8      1
91   0.376953    23/61           61      1
92   0.388672     7/18           18      1
93   0.392578    11/28           28      1
94   0.396484    23/58           58      1
95   0.412109     7/17           17      1
96   0.419922    21/50           50      1
97   0.421875    19/45           45      1
98   0.433594    13/30           30      1
99   0.449219    22/49           49      1
100  0.453125    24/53           53      1
101  0.455078     5/11           11      1
102  0.457031    16/35           35      1
103  0.468750    15/32           32      1
104  0.470703     8/17           17      1
105  0.480469    25/52           52      4
106  0.482422    27/56           56      2
107  0.484375    16/33           33      3
108  0.486328    18/37           37      2
109  0.488281    21/43           43      1
110  0.490234    25/51           51      6
111  0.492188    31/63           63      4
112  0.494141    31/63           63     10
113  0.496094      1/2            2     12
114  0.498047      1/2            2     22
115  0.500000      1/2            2     38
116  0.501953      1/2            2     20
117  0.503906      1/2            2      7
118  0.505859    32/63           63      6
119  0.507812    32/63           63      8
120  0.509766    26/51           51      1
121  0.511719    22/43           43      3
122  0.513672    19/37           37      4
123  0.515625    17/33           33      3
124  0.519531    27/52           52      1
125  0.521484    12/23           23      3
126  0.523438    11/21           21      1
127  0.531250    17/32           32      2
128  0.535156    23/43           43      1
129  0.539062     7/13           13      1
130  0.541016    33/61           61      2
131  0.548828    28/51           51      1
132  0.556641    34/61           61      1
133  0.562500     9/16           16      1
134  0.576172    34/59           59      1
135  0.578125    26/45           45      1
136  0.580078    29/50           50      1
137  0.582031    32/55           55      3
138  0.583984     7/12           12      1
139  0.603516    35/58           58      1
140  0.621094    18/29           29      1
141  0.625000      5/8            8      3
142  0.628906    39/62           62      2
143  0.634766    33/52           52      1
144  0.638672    23/36           36      1
145  0.640625    25/39           39      1
146  0.644531    29/45           45      2
147  0.646484    11/17           17      2
148  0.648438    24/37           37      1
149  0.652344    15/23           23      3
150  0.654297    36/55           55      1
151  0.656250    21/32           32      6
152  0.658203    25/38           38      3
153  0.660156    33/50           50     10
154  0.662109    41/62           62     11
155  0.664062      2/3            3     10
156  0.666016      2/3            3     31
157  0.667969      2/3            3     26
158  0.669922    41/61           61     15
159  0.671875    41/61           61      9
160  0.673828    31/46           46      3
161  0.675781    25/37           37      2
162  0.677734    40/59           59      3
163  0.679688    17/25           25      1
164  0.681641    15/22           22      1
165  0.685547    24/35           35      1
166  0.687500    11/16           16      3
167  0.693359    43/62           62      1
168  0.703125    26/37           37      1
169  0.705078    43/61           61      1
170  0.716797    43/60           60      1
171  0.720703    31/43           43      1
172  0.732422    41/56           56      1
173  0.740234    37/50           50      2
174  0.748047      3/4            4      1
175  0.750000      3/4            4      2
176  0.753906    46/61           61      1
177  0.755859    31/41           41      1
178  0.757812    25/33           33      1
179  0.759766    19/25           25      2
180  0.771484    27/35           35      1
181  0.775391    38/49           49      1
182  0.779297    46/59           59      1
183  0.781250    25/32           32      1
184  0.789062    15/19           19      2
185  0.791016    34/43           43      2
186  0.792969    23/29           29      3
187  0.800781      4/5            5      1
188  0.808594    38/47           47      1
189  0.810547    47/58           58      3
190  0.812500    13/16           16      2
191  0.814453    22/27           27      2
192  0.816406    40/49           49      1
193  0.818359     9/11           11      3
194  0.820312    32/39           39      2
195  0.822266    37/45           45      3
196  0.824219    47/57           57      4
197  0.826172    19/23           23      4
198  0.828125    29/35           35     16
199  0.830078    44/53           53     15
200  0.832031      5/6            6     23
201  0.833984      5/6            6     25
202  0.835938    51/61           61     13
203  0.837891    31/37           37     12
204  0.839844    21/25           25      7
205  0.841797    16/19           19      2
206  0.843750    27/32           32      6
207  0.853516    35/41           41      2
208  0.855469    53/62           62      1
209  0.857422      6/7            7      3
210  0.869141    53/61           61      1
211  0.873047    55/63           63      3
212  0.875000      7/8            8      6
213  0.886719    47/53           53      1
214  0.892578    25/28           28      1
215  0.902344    37/41           41      1
216  0.910156    51/56           56      1
217  0.914062    32/35           35      3
218  0.921875    47/51           51      1
219  0.925781    25/27           27      1
220  0.933594    14/15           15      1
221  0.943359    50/53           53      1
222  0.947266    18/19           19      1
223  0.955078    43/45           45      1
224  0.957031    45/47           47      1
225  0.960938    49/51           51      1
226  0.966797    29/30           30      1
227  0.970703    33/34           34      1
228  0.978516    46/47           47      1
229  0.982422    56/57           57      1
230  0.984375    62/63           63      1
231  0.986328    62/63           63      2
232  0.988281    62/63           63      2
233  0.990234    62/63           63      6
234  0.992188      1/1            1      5
235  0.994141      1/1            1      5
236  0.996094      1/1            1      6
237  0.998047      1/1            1     17
    Guess for r  Guess 1  Guess 2  Sum by Guess  Repetition Count
0            32        3        1            30                 9
48           62        1        3            26                 8
32           50        1        3            19                 6
64           16        3        1            13                 5
41            2        1        3            99                 5
20           46        1        3            10                 4
4            52        3        1             8                 4
47            8        3        1            12                 4
10            6        7        9            95                 4
63           58        1        3             5                 3
5            22        1        3             3                 3
61            4        3        1             4                 3
58           56        3        1             4                 3
70           28        3        1             2                 2
51           38        1        3            12                 2
72           30        7        9             2                 2
16           10        1        3             2                 2
25           14        1        3             2                 1
29           18        7        9             1                 1
2            42        7        9             1                 1
14           26        1        3             1                 1
73           34        1        3             1                 1
Correct result: 95 out of 352 (26.99% correct)
   Key_T1  Key_T2  Correct percentage
0  300.00  135.00           26.988636
