       Phase Fraction  Guess for r  Count
0   0.000000      0/1            1     10
1   0.164062    10/61           61      2
2   0.166016      1/6            6     10
3   0.167969      1/6            6      3
4   0.320312     8/25           25      1
5   0.332031      1/3            3      3
6   0.333984      1/3            3      9
7   0.500000      1/2            2      6
8   0.654297    36/55           55      1
9   0.666016      2/3            3      9
10  0.667969      2/3            3      2
11  0.832031      5/6            6      2
12  0.833984      5/6            6      5
13  0.843750    27/32           32      1
   Guess for r  Guess 1  Guess 2  Sum by Guess  Repetition Count
0            6        7        9            20                 4
2            2        1        3             6                 1
5           32        3        1             1                 1
       Phase Fraction  Guess for r  Count
0   0.000000      0/1            1     20
1   0.166016      1/6            6      8
2   0.167969      1/6            6      4
3   0.324219    12/37           37      1
4   0.332031      1/3            3      4
5   0.333984      1/3            3     14
6   0.500000      1/2            2     21
7   0.666016      2/3            3     19
8   0.667969      2/3            3     12
9   0.669922    41/61           61      1
10  0.679688    17/25           25      1
11  0.830078    44/53           53      3
12  0.832031      5/6            6      5
13  0.833984      5/6            6     13
14  0.835938    51/61           61      1
15  0.839844    21/25           25      1
   Guess for r  Guess 1  Guess 2  Sum by Guess  Repetition Count
0            6        7        9            30                 4
2            2        1        3            21                 1
       Phase Fraction  Guess for r  Count
0   0.000000      0/1            1     47
1   0.154297     2/13           13      1
2   0.160156     4/25           25      2
3   0.162109     6/37           37      1
4   0.164062    10/61           61      1
5   0.166016      1/6            6     30
6   0.167969      1/6            6      8
7   0.228516     8/35           35      1
8   0.332031      1/3            3      5
9   0.333984      1/3            3     25
10  0.335938      1/3            3      2
11  0.500000      1/2            2     38
12  0.660156    33/50           50      3
13  0.666016      2/3            3     36
14  0.667969      2/3            3      6
15  0.669922    41/61           61      1
16  0.671875    41/61           61      1
17  0.673828    31/46           46      1
18  0.818359     9/11           11      1
19  0.828125    29/35           35      1
20  0.830078    44/53           53      2
21  0.832031      5/6            6      6
22  0.833984      5/6            6     35
23  0.835938    51/61           61      1
24  0.837891    31/37           37      1
   Guess for r  Guess 1  Guess 2  Sum by Guess  Repetition Count
0            6        7        9            79                 4
2            2        1        3            38                 1
3           50        1        3             3                 1
4           46        1        3             1                 1
       Phase Fraction  Guess for r  Count
0   0.000000      0/1            1     88
1   0.152344     7/46           46      1
2   0.162109     6/37           37      2
3   0.164062    10/61           61      3
4   0.166016      1/6            6     53
5   0.167969      1/6            6     12
6   0.169922     9/53           53      4
7   0.171875     6/35           35      1
8   0.175781    10/57           57      1
9   0.177734     8/45           45      1
10  0.179688     7/39           39      1
11  0.185547     5/27           27      1
12  0.328125    20/61           61      2
13  0.330078    20/61           61      1
14  0.332031      1/3            3     23
15  0.333984      1/3            3     50
16  0.335938      1/3            3      1
17  0.337891    21/62           62      2
18  0.339844    17/50           50      1
19  0.341797    13/38           38      1
20  0.343750    11/32           32      1
21  0.500000      1/2            2     92
22  0.650391    13/20           20      1
23  0.662109    41/62           62      2
24  0.664062      2/3            3      1
25  0.666016      2/3            3     48
26  0.667969      2/3            3     21
27  0.669922    41/61           61      4
28  0.671875    41/61           61      1
29  0.683594    41/60           60      1
30  0.824219    47/57           57      1
31  0.830078    44/53           53      2
32  0.832031      5/6            6     12
33  0.833984      5/6            6     66
34  0.835938    51/61           61      3
35  0.837891    31/37           37      4
36  0.839844    21/25           25      1
37  0.845703    11/13           13      1
38  0.871094    27/31           31      1
   Guess for r  Guess 1  Guess 2  Sum by Guess  Repetition Count
1            6        7        9           143                 4
3           62        1        3             4                 2
0           46        1        3             1                 1
4           50        1        3             1                 1
5           38        1        3             1                 1
6           32        3        1             1                 1
7            2        1        3            92                 1
8           20        3        1             1                 1
       Phase Fraction  Guess for r  Count
0   0.000000      0/1            1    173
1   0.140625     8/57           57      1
2   0.160156     4/25           25      1
3   0.162109     6/37           37      3
4   0.164062    10/61           61      9
5   0.166016      1/6            6    117
6   0.167969      1/6            6     28
7   0.169922     9/53           53      2
8   0.171875     6/35           35      1
9   0.175781    10/57           57      1
10  0.181641     2/11           11      1
11  0.220703    13/59           59      1
12  0.291016    16/55           55      1
13  0.318359     7/22           22      2
14  0.320312     8/25           25      1
15  0.324219    12/37           37      1
16  0.326172    15/46           46      1
17  0.328125    20/61           61      3
18  0.330078    20/61           61      5
19  0.332031      1/3            3     20
20  0.333984      1/3            3    102
21  0.335938      1/3            3     10
22  0.337891    21/62           62      1
23  0.341797    13/38           38      1
24  0.351562    13/37           37      1
25  0.500000      1/2            2    190
26  0.558594    19/34           34      1
27  0.564453    35/62           62      1
28  0.628906    39/62           62      1
29  0.656250    21/32           32      1
30  0.658203    25/38           38      1
31  0.662109    41/62           62      3
32  0.664062      2/3            3      4
33  0.666016      2/3            3    117
34  0.667969      2/3            3     32
35  0.669922    41/61           61      3
36  0.671875    41/61           61      1
37  0.673828    31/46           46      2
38  0.677734    40/59           59      1
39  0.789062    15/19           19      1
40  0.816406    40/49           49      1
41  0.824219    47/57           57      1
42  0.828125    29/35           35      1
43  0.830078    44/53           53      4
44  0.832031      5/6            6     40
45  0.833984      5/6            6    114
46  0.835938    51/61           61     11
47  0.837891    31/37           37      2
48  0.839844    21/25           25      1
49  0.841797    16/19           19      1
50  0.843750    27/32           32      1
51  0.878906    29/33           33      1
    Guess for r  Guess 1  Guess 2  Sum by Guess  Repetition Count
0             6        7        9           299                 4
12           62        1        3             6                 4
5            38        1        3             2                 2
10           32        3        1             2                 2
13           46        1        3             3                 2
7            34        1        3             1                 1
6             2        1        3           190                 1
2            22        1        3             2                 1
       Phase Fraction  Guess for r  Count
0   0.000000      0/1            1    327
1   0.132812     2/15           15      1
2   0.138672     5/36           36      1
3   0.142578      1/7            7      1
4   0.160156     4/25           25      1
5   0.162109     6/37           37      6
6   0.164062    10/61           61     14
7   0.166016      1/6            6    227
8   0.167969      1/6            6     61
9   0.169922     9/53           53      6
10  0.171875     6/35           35      2
11  0.173828     4/23           23      2
12  0.175781    10/57           57      2
13  0.177734     8/45           45      1
14  0.183594     9/49           49      1
15  0.214844     3/14           14      1
16  0.234375    11/47           47      1
17  0.306641    19/62           62      1
18  0.320312     8/25           25      1
19  0.324219    12/37           37      1
20  0.326172    15/46           46      2
21  0.328125    20/61           61      2
22  0.330078    20/61           61      9
23  0.332031      1/3            3     62
24  0.333984      1/3            3    235
25  0.335938      1/3            3     15
26  0.337891    21/62           62      6
27  0.339844    17/50           50      1
28  0.341797    13/38           38      3
29  0.347656     8/23           23      1
30  0.349609     7/20           20      2
31  0.353516     6/17           17      1
32  0.363281     4/11           11      1
33  0.376953    23/61           61      1
34  0.500000      1/2            2    347
35  0.638672    23/36           36      1
36  0.646484    11/17           17      2
37  0.648438    24/37           37      1
38  0.654297    36/55           55      1
39  0.656250    21/32           32      1
40  0.658203    25/38           38      2
41  0.660156    33/50           50      1
42  0.662109    41/62           62      4
43  0.664062      2/3            3     16
44  0.666016      2/3            3    240
45  0.667969      2/3            3     72
46  0.669922    41/61           61     14
47  0.671875    41/61           61      5
48  0.673828    31/46           46      1
49  0.675781    25/37           37      3
50  0.683594    41/60           60      1
51  0.693359    43/62           62      1
52  0.718750    23/32           32      1
53  0.748047      3/4            4      1
54  0.753906    46/61           61      1
55  0.810547    47/58           58      1
56  0.814453    22/27           27      1
57  0.818359     9/11           11      1
58  0.826172    19/23           23      1
59  0.828125    29/35           35      2
60  0.830078    44/53           53      9
61  0.832031      5/6            6     61
62  0.833984      5/6            6    227
63  0.835938    51/61           61     10
64  0.837891    31/37           37      9
65  0.839844    21/25           25      4
66  0.841797    16/19           19      1
67  0.845703    11/13           13      1
68  0.847656    39/46           46      1
69  0.849609    17/20           20      1
70  0.853516    35/41           41      1
71  0.859375    49/57           57      1
72  0.917969    56/61           61      1
    Guess for r  Guess 1  Guess 2  Sum by Guess  Repetition Count
0             6        7        9           576                 4
13           62        1        3            12                 4
21           46        1        3             4                 3
16           32        3        1             2                 2
11           38        1        3             5                 2
12           50        1        3             2                 2
8            20        3        1             3                 2
9             2        1        3           347                 1
17            4        3        1             1                 1
18           58        1        3             1                 1
2            14        1        3             1                 1
        Phase Fraction  Guess for r  Count
0    0.000000      0/1            1    702
1    0.107422     3/28           28      1
2    0.138672     5/36           36      1
3    0.140625     8/57           57      1
4    0.148438     4/27           27      1
5    0.150391     3/20           20      3
6    0.156250     5/32           32      1
7    0.158203     3/19           19      3
8    0.160156     4/25           25      3
9    0.162109     6/37           37      6
10   0.164062    10/61           61     33
11   0.166016      1/6            6    458
12   0.167969      1/6            6    117
13   0.169922     9/53           53     17
14   0.171875     6/35           35      2
15   0.173828     4/23           23      3
16   0.177734     8/45           45      3
17   0.179688     7/39           39      1
18   0.183594     9/49           49      1
19   0.185547     5/27           27      1
20   0.201172      1/5            5      1
21   0.277344     5/18           18      1
22   0.283203    17/60           60      1
23   0.292969    17/58           58      1
24   0.296875    11/37           37      1
25   0.306641    19/62           62      1
26   0.310547     9/29           29      2
27   0.312500     5/16           16      1
28   0.314453    11/35           35      1
29   0.316406    19/60           60      1
30   0.318359     7/22           22      2
31   0.320312     8/25           25      2
32   0.322266    19/59           59      1
33   0.324219    12/37           37      1
34   0.326172    15/46           46      4
35   0.328125    20/61           61      7
36   0.330078    20/61           61     16
37   0.332031      1/3            3    112
38   0.333984      1/3            3    461
39   0.335938      1/3            3     25
40   0.337891    21/62           62     11
41   0.339844    17/50           50      4
42   0.341797    13/38           38      2
43   0.343750    11/32           32      2
44   0.347656     8/23           23      1
45   0.351562    13/37           37      2
46   0.357422     5/14           14      1
47   0.359375    14/39           39      1
48   0.373047    22/59           59      1
49   0.398438      2/5            5      1
50   0.408203    20/49           49      2
51   0.500000      1/2            2    715
52   0.574219    31/54           54      1
53   0.613281    27/44           44      1
54   0.628906    39/62           62      1
55   0.630859    29/46           46      2
56   0.636719     7/11           11      1
57   0.640625    25/39           39      1
58   0.646484    11/17           17      1
59   0.654297    36/55           55      1
60   0.656250    21/32           32      3
61   0.658203    25/38           38      2
62   0.660156    33/50           50      5
63   0.662109    41/62           62     11
64   0.664062      2/3            3     31
65   0.666016      2/3            3    455
66   0.667969      2/3            3    112
67   0.669922    41/61           61      8
68   0.671875    41/61           61      8
69   0.673828    31/46           46      3
70   0.675781    25/37           37      3
71   0.677734    40/59           59      1
72   0.681641    15/22           22      1
73   0.685547    24/35           35      2
74   0.689453    20/29           29      1
75   0.697266    23/33           33      1
76   0.699219     7/10           10      1
77   0.701172    40/57           57      2
78   0.712891    42/59           59      1
79   0.720703    31/43           43      1
80   0.732422    41/56           56      1
81   0.740234    37/50           50      1
82   0.753906    46/61           61      1
83   0.771484    27/35           35      1
84   0.789062    15/19           19      1
85   0.798828      4/5            5      1
86   0.800781      4/5            5      1
87   0.816406    40/49           49      1
88   0.820312    32/39           39      2
89   0.822266    37/45           45      1
90   0.826172    19/23           23      2
91   0.828125    29/35           35      3
92   0.830078    44/53           53     16
93   0.832031      5/6            6    131
94   0.833984      5/6            6    465
95   0.835938    51/61           61     42
96   0.837891    31/37           37      6
97   0.839844    21/25           25      3
98   0.841797    16/19           19      2
99   0.843750    27/32           32      2
100  0.845703    11/13           13      2
101  0.847656    39/46           46      2
102  0.849609    17/20           20      1
103  0.916016    11/12           12      1
104  0.927734    51/55           55      1
105  0.982422    56/57           57      1
106  0.992188      1/1            1      1
    Guess for r  Guess 1  Guess 2  Sum by Guess  Repetition Count
10           46        1        3            11                 4
19           62        1        3            24                 4
30            6        7        9          1171                 4
14           32        3        1             8                 4
12           50        1        3            10                 3
22           38        1        3             4                 2
34           20        3        1             4                 2
9            22        1        3             3                 2
28           56        3        1             1                 1
27           10        1        3             1                 1
0            28        3        1             1                 1
18           44        3        1             1                 1
16            2        1        3           715                 1
15           14        1        3             1                 1
8            16        3        1             1                 1
6            58        1        3             1                 1
5            18        7        9             1                 1
17           54        7        9             1                 1
        Phase Fraction  Guess for r  Count
0    0.000000      0/1            1   1344
1    0.033203     1/30           30      1
2    0.058594     1/17           17      1
3    0.111328      1/9            9      1
4    0.119141     5/42           42      1
5    0.125000      1/8            8      1
6    0.134766     7/52           52      1
7    0.140625     8/57           57      1
8    0.144531     9/62           62      1
9    0.150391     3/20           20      1
10   0.152344     7/46           46      1
11   0.154297     2/13           13      2
12   0.156250     5/32           32      7
13   0.158203     3/19           19      5
14   0.160156     4/25           25     12
15   0.162109     6/37           37     20
16   0.164062    10/61           61     66
17   0.166016      1/6            6    934
18   0.167969      1/6            6    245
19   0.169922     9/53           53     33
20   0.171875     6/35           35     19
21   0.173828     4/23           23      4
22   0.175781    10/57           57      7
23   0.177734     8/45           45      4
24   0.179688     7/39           39      2
25   0.183594     9/49           49      1
26   0.185547     5/27           27      3
27   0.187500     3/16           16      1
28   0.193359     6/31           31      1
29   0.195312     8/41           41      2
30   0.199219      1/5            5      2
31   0.218750     7/32           32      1
32   0.236328    13/55           55      1
33   0.248047      1/4            4      1
34   0.298828    17/57           57      2
35   0.302734    10/33           33      1
36   0.304688     7/23           23      1
37   0.306641    19/62           62      1
38   0.310547     9/29           29      1
39   0.312500     5/16           16      2
40   0.314453    11/35           35      2
41   0.316406    19/60           60      2
42   0.318359     7/22           22      3
43   0.320312     8/25           25      1
44   0.322266    19/59           59      5
45   0.324219    12/37           37      4
46   0.326172    15/46           46      9
47   0.328125    20/61           61     15
48   0.330078    20/61           61     32
49   0.332031      1/3            3    242
50   0.333984      1/3            3    910
51   0.335938      1/3            3     56
52   0.337891    21/62           62     15
53   0.339844    17/50           50     10
54   0.341797    13/38           38      8
55   0.343750    11/32           32      3
56   0.345703    19/55           55      3
57   0.347656     8/23           23      3
58   0.349609     7/20           20      2
59   0.355469    16/45           45      4
60   0.365234    19/52           52      1
61   0.382812    18/47           47      2
62   0.386719    17/44           44      1
63   0.429688      3/7            7      1
64   0.470703     8/17           17      1
65   0.500000      1/2            2   1411
66   0.503906      1/2            2      1
67   0.535156    23/43           43      1
68   0.580078    29/50           50      1
69   0.585938    17/29           29      1
70   0.593750    19/32           32      1
71   0.611328    11/18           18      1
72   0.623047    38/61           61      1
73   0.630859    29/46           46      1
74   0.632812    31/49           49      1
75   0.634766    33/52           52      1
76   0.644531    29/45           45      2
77   0.646484    11/17           17      1
78   0.648438    24/37           37      6
79   0.650391    13/20           20      1
80   0.652344    15/23           23      1
81   0.654297    36/55           55      3
82   0.656250    21/32           32      4
83   0.658203    25/38           38      7
84   0.660156    33/50           50     10
85   0.662109    41/62           62     19
86   0.664062      2/3            3     68
87   0.666016      2/3            3    913
88   0.667969      2/3            3    237
89   0.669922    41/61           61     40
90   0.671875    41/61           61     11
91   0.673828    31/46           46      8
92   0.675781    25/37           37      4
93   0.677734    40/59           59      5
94   0.681641    15/22           22      2
95   0.683594    41/60           60      1
96   0.685547    24/35           35      1
97   0.691406    38/55           55      2
98   0.701172    40/57           57      1
99   0.703125    26/37           37      1
100  0.707031    41/58           58      1
101  0.712891    42/59           59      1
102  0.718750    23/32           32      1
103  0.742188    23/31           31      1
104  0.767578    33/43           43      1
105  0.783203    47/60           60      1
106  0.785156    11/14           14      1
107  0.796875    47/59           59      1
108  0.798828      4/5            5      1
109  0.800781      4/5            5      3
110  0.804688    33/41           41      1
111  0.808594    38/47           47      1
112  0.812500    13/16           16      4
113  0.816406    40/49           49      1
114  0.818359     9/11           11      1
115  0.822266    37/45           45      5
116  0.824219    47/57           57      3
117  0.826172    19/23           23      9
118  0.828125    29/35           35     13
119  0.830078    44/53           53     41
120  0.832031      5/6            6    219
121  0.833984      5/6            6    919
122  0.835938    51/61           61     69
123  0.837891    31/37           37     19
124  0.839844    21/25           25      7
125  0.841797    16/19           19      7
126  0.843750    27/32           32      7
127  0.845703    11/13           13      3
128  0.847656    39/46           46      1
129  0.851562    23/27           27      2
130  0.853516    35/41           41      2
131  0.855469    53/62           62      2
132  0.867188    13/15           15      1
133  0.880859    37/42           42      2
134  0.923828    49/53           53      1
135  0.925781    25/27           27      1
    Guess for r  Guess 1  Guess 2  Sum by Guess  Repetition Count
39           32        3        1            24                 7
17           62        1        3            38                 5
29           46        1        3            20                 5
9             6        7        9          2317                 4
31           20        3        1             4                 3
30           52        3        1             3                 3
26           50        1        3            21                 3
41           16        3        1             7                 3
37           22        1        3             5                 2
24            2        1        3          1412                 2
47           42        7        9             3                 2
33           38        1        3            15                 2
28           18        7        9             1                 1
38           58        1        3             1                 1
40           14        1        3             1                 1
23           44        3        1             1                 1
12            4        3        1             1                 1
2             8        3        1             1                 1
0            30        7        9             1                 1
Correct result: 2317 out of 3876 (59.78% correct)
      Key  Correct percentage
0    64.0           74.074074
1   128.0           58.823529
2   256.0           65.289256
3   512.0           58.606557
4  1024.0           59.207921
5  2048.0           60.377358
6  4096.0           59.775396
7  8192.0           59.778122
