        Phase Fraction  Guess for r  Count
0    0.000000      0/1            1      4
1    0.001953      0/1            1      6
2    0.003906      0/1            1      8
3    0.005859      0/1            1      5
4    0.007812      0/1            1      3
5    0.009766     1/63           63      2
6    0.011719     1/63           63      5
7    0.013672     1/63           63      6
8    0.015625     1/63           63      4
9    0.017578     1/57           57      4
10   0.019531     1/51           51      6
11   0.021484     1/47           47      3
12   0.023438     1/43           43      1
13   0.025391     1/39           39      4
14   0.027344     1/37           37      1
15   0.029297     1/34           34      1
16   0.031250     1/32           32      1
17   0.033203     1/30           30      2
18   0.035156     2/57           57      2
19   0.037109     1/27           27      1
20   0.039062     2/51           51      2
21   0.041016     2/49           49      4
22   0.042969     2/47           47      2
23   0.044922     2/45           45      3
24   0.046875     2/43           43      4
25   0.052734     1/19           19      2
26   0.054688     3/55           55      1
27   0.060547     2/33           33      3
28   0.062500     1/16           16      2
29   0.064453     2/31           31      1
30   0.066406     1/15           15      2
31   0.068359     3/44           44      1
32   0.072266     4/55           55      2
33   0.074219     2/27           27      1
34   0.076172     4/53           53      5
35   0.080078     2/25           25      4
36   0.082031     5/61           61      2
37   0.083984     1/12           12      2
38   0.085938     3/35           35      1
39   0.087891     5/57           57      2
40   0.089844     5/56           56      2
41   0.091797     5/54           54      2
42   0.093750     3/32           32      1
43   0.095703     5/52           52      1
44   0.097656     4/41           41      1
45   0.099609     1/10           10      1
46   0.101562     6/59           59      1
47   0.105469     2/19           19      2
48   0.109375     6/55           55      5
49   0.115234     3/26           26      2
50   0.117188     2/17           17      1
51   0.119141     5/42           42      3
52   0.121094     4/33           33      3
53   0.123047     7/57           57      2
54   0.125000      1/8            8      1
55   0.126953     8/63           63      2
56   0.128906     4/31           31      3
57   0.130859     8/61           61      1
58   0.132812     2/15           15      4
59   0.134766     7/52           52      1
60   0.138672     5/36           36      3
61   0.140625     8/57           57      2
62   0.144531     9/62           62      2
63   0.146484     6/41           41      3
64   0.148438     4/27           27      1
65   0.150391     3/20           20      3
66   0.152344     7/46           46      2
67   0.154297     2/13           13      4
68   0.156250     5/32           32      6
69   0.158203     3/19           19      1
70   0.160156     4/25           25      3
71   0.162109     6/37           37      3
72   0.164062    10/61           61      6
73   0.166016      1/6            6      2
74   0.167969      1/6            6      7
75   0.169922     9/53           53      5
76   0.171875     6/35           35      6
77   0.173828     4/23           23      3
78   0.175781    10/57           57      1
79   0.177734     8/45           45      3
80   0.181641     2/11           11      1
81   0.183594     9/49           49      4
82   0.187500     3/16           16      3
83   0.189453    11/58           58      1
84   0.191406     9/47           47      3
85   0.193359     6/31           31      5
86   0.195312     8/41           41      2
87   0.197266    12/61           61      1
88   0.199219      1/5            5      4
89   0.201172      1/5            5      2
90   0.203125    12/59           59      3
91   0.205078     8/39           39      2
92   0.207031     6/29           29      1
93   0.210938     4/19           19      4
94   0.212891    10/47           47      1
95   0.214844     3/14           14      2
96   0.220703    13/59           59      1
97   0.222656      2/9            9      2
98   0.228516     8/35           35      1
99   0.232422    10/43           43      4
100  0.234375    11/47           47      1
101  0.236328    13/55           55      1
102  0.238281     5/21           21      2
103  0.240234     6/25           25      2
104  0.242188     8/33           33      1
105  0.244141    10/41           41      2
106  0.246094    15/61           61      2
107  0.248047      1/4            4      4
108  0.251953      1/4            4      2
109  0.253906    16/63           63      1
110  0.255859    11/43           43      2
111  0.257812     8/31           31      2
112  0.259766    13/50           50      1
113  0.261719    11/42           42      1
114  0.263672    14/53           53      1
115  0.265625    13/49           49      1
116  0.267578    15/56           56      1
117  0.269531     7/26           26      1
118  0.271484    16/59           59      4
119  0.273438     3/11           11      2
120  0.275391    11/40           40      1
121  0.277344     5/18           18      4
122  0.279297    12/43           43      1
123  0.281250     9/32           32      1
124  0.283203    17/60           60      2
125  0.287109    17/59           59      5
126  0.289062    13/45           45      3
127  0.291016    16/55           55      1
128  0.294922    18/61           61      1
129  0.296875    11/37           37      2
130  0.298828    17/57           57      5
131  0.300781     3/10           10      3
132  0.302734    10/33           33      4
133  0.304688     7/23           23      2
134  0.310547     9/29           29      3
135  0.312500     5/16           16      2
136  0.314453    11/35           35      4
137  0.316406    19/60           60      1
138  0.318359     7/22           22      3
139  0.320312     8/25           25      2
140  0.322266    19/59           59      3
141  0.324219    12/37           37      1
142  0.326172    15/46           46      3
143  0.328125    20/61           61      6
144  0.330078    20/61           61      2
145  0.332031      1/3            3      2
146  0.333984      1/3            3      2
147  0.335938      1/3            3      4
148  0.337891    21/62           62      5
149  0.339844    17/50           50      3
150  0.341797    13/38           38      5
151  0.343750    11/32           32      3
152  0.345703    19/55           55      4
153  0.347656     8/23           23      2
154  0.349609     7/20           20      4
155  0.351562    13/37           37      2
156  0.353516     6/17           17      6
157  0.355469    16/45           45      2
158  0.359375    14/39           39      2
159  0.361328    13/36           36      2
160  0.363281     4/11           11      1
161  0.365234    19/52           52      3
162  0.367188    18/49           49      1
163  0.369141    17/46           46      3
164  0.371094    23/62           62      1
165  0.373047    22/59           59      2
166  0.375000      3/8            8      3
167  0.376953    23/61           61      2
168  0.382812    18/47           47      2
169  0.388672     7/18           18      1
170  0.394531    15/38           38      1
171  0.396484    23/58           58      1
172  0.402344    25/62           62      1
173  0.406250    13/32           32      2
174  0.408203    20/49           49      2
175  0.412109     7/17           17      1
176  0.414062    12/29           29      3
177  0.416016     5/12           12      3
178  0.417969    23/55           55      2
179  0.419922    21/50           50      4
180  0.423828    25/59           59      1
181  0.425781    23/54           54      2
182  0.427734      3/7            7      1
183  0.429688      3/7            7      1
184  0.431641    19/44           44      1
185  0.433594    13/30           30      3
186  0.435547    27/62           62      1
187  0.437500     7/16           16      1
188  0.441406    15/34           34      2
189  0.443359    27/61           61      1
190  0.445312      4/9            9      3
191  0.447266    17/38           38      4
192  0.449219    22/49           49      2
193  0.451172    23/51           51      1
194  0.457031    16/35           35      1
195  0.458984    28/61           61      1
196  0.460938     6/13           13      1
197  0.462891    25/54           54      1
198  0.464844    20/43           43      1
199  0.466797     7/15           15      1
200  0.468750    15/32           32      2
201  0.472656    26/55           55      4
202  0.476562    10/21           21      3
203  0.482422    27/56           56      6
204  0.484375    16/33           33      3
205  0.486328    18/37           37      3
206  0.488281    21/43           43      3
207  0.490234    25/51           51      1
208  0.492188    31/63           63      4
209  0.494141    31/63           63      1
210  0.496094      1/2            2      6
211  0.498047      1/2            2      5
212  0.500000      1/2            2      2
213  0.501953      1/2            2      1
214  0.503906      1/2            2      6
215  0.505859    32/63           63      3
216  0.507812    32/63           63      2
217  0.509766    26/51           51      1
218  0.511719    22/43           43      1
219  0.513672    19/37           37      4
220  0.515625    17/33           33      4
221  0.517578    29/56           56      3
222  0.519531    27/52           52      2
223  0.521484    12/23           23      2
224  0.523438    11/21           21      5
225  0.525391    31/59           59      1
226  0.527344    29/55           55      3
227  0.531250    17/32           32      1
228  0.533203     8/15           15      4
229  0.535156    23/43           43      2
230  0.537109    29/54           54      3
231  0.539062     7/13           13      2
232  0.541016    33/61           61      3
233  0.542969    19/35           35      1
234  0.546875    29/53           53      1
235  0.548828    28/51           51      2
236  0.550781    27/49           49      3
237  0.556641    34/61           61      3
238  0.558594    19/34           34      1
239  0.566406    17/30           30      4
240  0.568359    25/44           44      1
241  0.570312      4/7            7      2
242  0.572266      4/7            7      3
243  0.574219    31/54           54      1
244  0.576172    34/59           59      5
245  0.578125    26/45           45      1
246  0.580078    29/50           50      4
247  0.583984     7/12           12      1
248  0.587891    10/17           17      2
249  0.589844    23/39           39      2
250  0.593750    19/32           32      2
251  0.599609      3/5            5      2
252  0.601562      3/5            5      1
253  0.603516    35/58           58      4
254  0.605469    23/38           38      1
255  0.607422    17/28           28      1
256  0.611328    11/18           18      2
257  0.613281    27/44           44      2
258  0.615234     8/13           13      1
259  0.619141    13/21           21      1
260  0.621094    18/29           29      1
261  0.623047    38/61           61      2
262  0.625000      5/8            8      1
263  0.626953    37/59           59      1
264  0.628906    39/62           62      1
265  0.630859    29/46           46      2
266  0.632812    31/49           49      2
267  0.634766    33/52           52      1
268  0.636719     7/11           11      2
269  0.638672    23/36           36      1
270  0.640625    25/39           39      2
271  0.642578     9/14           14      2
272  0.644531    29/45           45      1
273  0.646484    11/17           17      6
274  0.648438    24/37           37      4
275  0.650391    13/20           20      4
276  0.652344    15/23           23      1
277  0.654297    36/55           55      6
278  0.656250    21/32           32      3
279  0.658203    25/38           38      3
280  0.660156    33/50           50      5
281  0.662109    41/62           62      3
282  0.664062      2/3            3      6
283  0.666016      2/3            3      3
284  0.667969      2/3            3      2
285  0.669922    41/61           61      2
286  0.673828    31/46           46      4
287  0.675781    25/37           37      1
288  0.677734    40/59           59      3
289  0.679688    17/25           25      2
290  0.681641    15/22           22      2
291  0.687500    11/16           16      3
292  0.689453    20/29           29      1
293  0.691406    38/55           55      2
294  0.693359    43/62           62      1
295  0.697266    23/33           33      2
296  0.699219     7/10           10      2
297  0.701172    40/57           57      1
298  0.703125    26/37           37      4
299  0.705078    43/61           61      2
300  0.708984    39/55           55      4
301  0.710938    32/45           45      1
302  0.712891    42/59           59      1
303  0.714844      5/7            7      2
304  0.718750    23/32           32      3
305  0.720703    31/43           43      1
306  0.734375    36/49           49      2
307  0.736328    39/53           53      2
308  0.742188    23/31           31      1
309  0.744141    32/43           43      4
310  0.746094    47/63           63      3
311  0.748047      3/4            4      2
312  0.751953      3/4            4      3
313  0.753906    46/61           61      2
314  0.755859    31/41           41      3
315  0.757812    25/33           33      2
316  0.759766    19/25           25      1
317  0.761719    16/21           21      1
318  0.763672    42/55           55      1
319  0.765625    36/47           47      2
320  0.767578    33/43           43      4
321  0.769531    10/13           13      2
322  0.777344      7/9            9      2
323  0.785156    11/14           14      1
324  0.789062    15/19           19      2
325  0.791016    34/43           43      1
326  0.794922    31/39           39      2
327  0.796875    47/59           59      1
328  0.798828      4/5            5      2
329  0.800781      4/5            5      2
330  0.802734    49/61           61      2
331  0.804688    33/41           41      1
332  0.806641    25/31           31      2
333  0.810547    47/58           58      2
334  0.812500    13/16           16      1
335  0.814453    22/27           27      1
336  0.816406    40/49           49      4
337  0.818359     9/11           11      5
338  0.820312    32/39           39      3
339  0.822266    37/45           45      4
340  0.824219    47/57           57      1
341  0.826172    19/23           23      4
342  0.828125    29/35           35      5
343  0.830078    44/53           53      3
344  0.832031      5/6            6      3
345  0.833984      5/6            6      1
346  0.835938    51/61           61      2
347  0.837891    31/37           37      6
348  0.839844    21/25           25      3
349  0.843750    27/32           32      2
350  0.845703    11/13           13      3
351  0.847656    39/46           46      3
352  0.849609    17/20           20      2
353  0.851562    23/27           27      3
354  0.853516    35/41           41      3
355  0.855469    53/62           62      2
356  0.857422      6/7            7      4
357  0.861328    31/36           36      5
358  0.863281    19/22           22      4
359  0.865234    45/52           52      2
360  0.867188    13/15           15      6
361  0.869141    53/61           61      2
362  0.873047    55/63           63      1
363  0.875000      7/8            8      4
364  0.876953    50/57           57      1
365  0.878906    29/33           33      1
366  0.880859    37/42           42      3
367  0.882812    15/17           17      2
368  0.884766    23/26           26      3
369  0.888672      8/9            9      3
370  0.892578    25/28           28      4
371  0.894531    17/19           19      1
372  0.896484    26/29           29      3
373  0.898438    53/59           59      1
374  0.900391     9/10           10      3
375  0.902344    37/41           41      1
376  0.904297    47/52           52      3
377  0.908203    49/54           54      1
378  0.910156    51/56           56      1
379  0.912109    52/57           57      1
380  0.916016    11/12           12      1
381  0.919922    23/25           25      1
382  0.921875    47/51           51      3
383  0.923828    49/53           53      2
384  0.925781    25/27           27      5
385  0.927734    51/55           55      1
386  0.929688    53/57           57      2
387  0.931641    41/44           44      2
388  0.933594    14/15           15      1
389  0.935547    29/31           31      1
390  0.937500    15/16           16      1
391  0.939453    31/33           33      1
392  0.941406    16/17           17      2
393  0.943359    50/53           53      2
394  0.945312    52/55           55      1
395  0.947266    18/19           19      1
396  0.949219    56/59           59      1
397  0.951172    39/41           41      1
398  0.953125    41/43           43      2
399  0.955078    43/45           45      3
400  0.960938    49/51           51      4
401  0.962891    26/27           27      1
402  0.964844    55/57           57      3
403  0.966797    29/30           30      2
404  0.968750    31/32           32      2
405  0.972656    36/37           37      2
406  0.974609    38/39           39      3
407  0.976562    42/43           43      5
408  0.978516    46/47           47      1
409  0.982422    56/57           57      2
410  0.984375    62/63           63      6
411  0.986328    62/63           63      3
412  0.988281    62/63           63      7
413  0.990234    62/63           63      4
414  0.992188      1/1            1      4
415  0.994141      1/1            1      5
416  0.996094      1/1            1      8
417  0.998047      1/1            1      7
     Guess for r  Guess 1  Guess 2  Sum by Guess  Repetition Count
121           32        3        1            29                13
94            62        1        3            17                 9
84            52        3        1            13                 7
33            16        3        1            13                 7
51            54        7        9            10                 6
42            46        1        3            17                 6
65             2        1        3            20                 5
118           44        3        1             7                 5
117           56        3        1            13                 5
74            50        1        3            17                 5
77            38        1        3            14                 5
19             6        7        9            13                 4
100           58        1        3             8                 4
12             8        3        1             9                 4
97             4        3        1            11                 4
95            10        1        3             9                 4
15            20        3        1            13                 4
120           30        7        9            11                 4
111           42        7        9             7                 3
10            26        1        3             6                 3
108           22        1        3             9                 3
99            14        1        3             5                 3
30            18        7        9             7                 3
70            34        1        3             4                 3
113           28        3        1             5                 2
29            40        3        1             1                 1
Correct result: 10 out of 288 (3.47% correct)
      Key  Correct percentage
0  0.0033            3.472222
