       Phase Fraction  Guess for r  Count
0   0.000000      0/1            1    168
1   0.156250     5/32           32      1
2   0.158203     3/19           19      1
3   0.162109     6/37           37      3
4   0.164062    10/61           61     12
5   0.166016      1/6            6    108
6   0.167969      1/6            6     25
7   0.169922     9/53           53      4
8   0.171875     6/35           35      3
9   0.218750     7/32           32      1
10  0.228516     8/35           35      1
11  0.255859    11/43           43      1
12  0.312500     5/16           16      1
13  0.314453    11/35           35      1
14  0.316406    19/60           60      1
15  0.324219    12/37           37      1
16  0.328125    20/61           61      1
17  0.330078    20/61           61      3
18  0.332031      1/3            3     32
19  0.333984      1/3            3    124
20  0.335938      1/3            3      8
21  0.337891    21/62           62      1
22  0.341797    13/38           38      2
23  0.349609     7/20           20      1
24  0.355469    16/45           45      1
25  0.500000      1/2            2    197
26  0.623047    38/61           61      1
27  0.642578     9/14           14      1
28  0.644531    29/45           45      1
29  0.650391    13/20           20      2
30  0.652344    15/23           23      1
31  0.656250    21/32           32      1
32  0.662109    41/62           62      1
33  0.664062      2/3            3      3
34  0.666016      2/3            3     95
35  0.667969      2/3            3     36
36  0.669922    41/61           61      6
37  0.671875    41/61           61      2
38  0.673828    31/46           46      2
39  0.675781    25/37           37      1
40  0.677734    40/59           59      1
41  0.679688    17/25           25      1
42  0.681641    15/22           22      1
43  0.687500    11/16           16      1
44  0.714844      5/7            7      1
45  0.720703    31/43           43      1
46  0.742188    23/31           31      1
47  0.824219    47/57           57      2
48  0.830078    44/53           53      6
49  0.832031      5/6            6     44
50  0.833984      5/6            6     99
51  0.835938    51/61           61      7
52  0.837891    31/37           37      2
53  0.839844    21/25           25      2
    Guess for r  Guess 1  Guess 2  Sum by Guess  Repetition Count
17            6        7        9           276                 4
11           32        3        1             3                 3
7            20        3        1             3                 2
5            62        1        3             2                 2
4            16        3        1             2                 2
6            38        1        3             2                 1
8             2        1        3           197                 1
13           46        1        3             2                 1
14           22        1        3             1                 1
9            14        1        3             1                 1
Correct result: 276 out of 489 (56.44% correct)
   Key  Correct percentage
0  0.0           56.441718
