       Phase Fraction  Guess for r  Count
0   0.000000      0/1            1    162
1   0.148438     4/27           27      1
2   0.152344     7/46           46      1
3   0.156250     5/32           32      2
4   0.158203     3/19           19      1
5   0.160156     4/25           25      1
6   0.162109     6/37           37      3
7   0.164062    10/61           61     13
8   0.166016      1/6            6    115
9   0.167969      1/6            6     30
10  0.169922     9/53           53      3
11  0.181641     2/11           11      1
12  0.183594     9/49           49      1
13  0.185547     5/27           27      1
14  0.189453    11/58           58      1
15  0.326172    15/46           46      1
16  0.328125    20/61           61      2
17  0.330078    20/61           61      2
18  0.332031      1/3            3     37
19  0.333984      1/3            3    135
20  0.335938      1/3            3      6
21  0.337891    21/62           62      1
22  0.339844    17/50           50      1
23  0.341797    13/38           38      3
24  0.343750    11/32           32      2
25  0.373047    22/59           59      1
26  0.384766     5/13           13      1
27  0.490234    25/51           51      1
28  0.500000      1/2            2    173
29  0.560547    23/41           41      1
30  0.644531    29/45           45      1
31  0.658203    25/38           38      4
32  0.662109    41/62           62      5
33  0.664062      2/3            3      9
34  0.666016      2/3            3    104
35  0.667969      2/3            3     32
36  0.669922    41/61           61      4
37  0.671875    41/61           61      1
38  0.677734    40/59           59      1
39  0.683594    41/60           60      1
40  0.794922    31/39           39      1
41  0.826172    19/23           23      1
42  0.828125    29/35           35      2
43  0.830078    44/53           53      1
44  0.832031      5/6            6     28
45  0.833984      5/6            6    115
46  0.835938    51/61           61      4
47  0.837891    31/37           37      3
48  0.839844    21/25           25      1
49  0.845703    11/13           13      2
50  0.902344    37/41           41      1
    Guess for r  Guess 1  Guess 2  Sum by Guess  Repetition Count
2             6        7        9           288                 4
0            46        1        3             2                 2
1            32        3        1             4                 2
6            62        1        3             6                 2
8            38        1        3             7                 2
4            58        1        3             1                 1
7            50        1        3             1                 1
10            2        1        3           173                 1
Correct result: 288 out of 482 (59.75% correct)
   Key  Correct percentage
0  0.0           59.751037
