       Phase Fraction  Guess for r  Count
0   0.000000      0/1            1    172
1   0.001953      0/1            1      1
2   0.015625     1/63           63      1
3   0.148438     4/27           27      1
4   0.150391     3/20           20      1
5   0.156250     5/32           32      1
6   0.160156     4/25           25      1
7   0.164062    10/61           61      5
8   0.166016      1/6            6    128
9   0.167969      1/6            6     26
10  0.169922     9/53           53      4
11  0.171875     6/35           35      4
12  0.173828     4/23           23      2
13  0.181641     2/11           11      1
14  0.269531     7/26           26      1
15  0.285156      2/7            7      1
16  0.324219    12/37           37      2
17  0.328125    20/61           61      2
18  0.332031      1/3            3     28
19  0.333984      1/3            3    127
20  0.335938      1/3            3      8
21  0.339844    17/50           50      1
22  0.341797    13/38           38      2
23  0.349609     7/20           20      1
24  0.365234    19/52           52      1
25  0.380859     8/21           21      1
26  0.500000      1/2            2    147
27  0.503906      1/2            2      1
28  0.658203    25/38           38      1
29  0.660156    33/50           50      1
30  0.662109    41/62           62      4
31  0.664062      2/3            3      8
32  0.666016      2/3            3    124
33  0.667969      2/3            3     28
34  0.669922    41/61           61      8
35  0.673828    31/46           46      3
36  0.771484    27/35           35      1
37  0.814453    22/27           27      1
38  0.820312    32/39           39      1
39  0.824219    47/57           57      1
40  0.830078    44/53           53      7
41  0.832031      5/6            6     31
42  0.833984      5/6            6    117
43  0.835938    51/61           61      7
44  0.837891    31/37           37      3
45  0.843750    27/32           32      1
46  0.845703    11/13           13      2
47  0.847656    39/46           46      1
48  0.875000      7/8            8      1
49  0.923828    49/53           53      1
50  0.960938    49/51           51      1
    Guess for r  Guess 1  Guess 2  Sum by Guess  Repetition Count
2             6        7        9           302                 4
0            20        3        1             2                 2
11           38        1        3             3                 2
18           46        1        3             4                 2
17           32        3        1             2                 2
12           50        1        3             2                 2
10            2        1        3           148                 2
13           62        1        3             4                 1
8            52        3        1             1                 1
4            26        1        3             1                 1
19            8        3        1             1                 1
        Phase Fraction  Guess for r  Count
0    0.000000      0/1            1     96
1    0.001953      0/1            1      7
2    0.003906      0/1            1     14
3    0.007812      0/1            1     14
4    0.011719     1/63           63      2
5    0.015625     1/63           63      6
6    0.017578     1/57           57      1
7    0.023438     1/43           43      1
8    0.031250     1/32           32     14
9    0.033203     1/30           30      1
10   0.035156     2/57           57      1
11   0.039062     2/51           51      3
12   0.046875     2/43           43      1
13   0.062500     1/16           16     10
14   0.066406     1/15           15      4
15   0.070312     4/57           57      1
16   0.078125     4/51           51      2
17   0.093750     3/32           32      1
18   0.125000      1/8            8      1
19   0.132812     2/15           15      2
20   0.134766     7/52           52      5
21   0.136719     3/22           22      2
22   0.138672     5/36           36      1
23   0.144531     9/62           62      1
24   0.146484     6/41           41      1
25   0.152344     7/46           46      1
26   0.156250     5/32           32      6
27   0.158203     3/19           19      9
28   0.160156     4/25           25      3
29   0.162109     6/37           37      2
30   0.164062    10/61           61     14
31   0.166016      1/6            6     56
32   0.167969      1/6            6     23
33   0.169922     9/53           53      7
34   0.171875     6/35           35      1
35   0.173828     4/23           23      3
36   0.179688     7/39           39      1
37   0.181641     2/11           11      6
38   0.183594     9/49           49      4
39   0.185547     5/27           27      1
40   0.195312     8/41           41      1
41   0.197266    12/61           61      1
42   0.212891    10/47           47      1
43   0.220703    13/59           59      1
44   0.222656      2/9            9      3
45   0.224609    11/49           49      1
46   0.226562    12/53           53      2
47   0.228516     8/35           35      5
48   0.232422    10/43           43      1
49   0.250000      1/4            4      1
50   0.255859    11/43           43      1
51   0.267578    15/56           56      1
52   0.269531     7/26           26      4
53   0.271484    16/59           59      8
54   0.273438     3/11           11      2
55   0.277344     5/18           18      1
56   0.279297    12/43           43      1
57   0.287109    17/59           59      1
58   0.302734    10/33           33      2
59   0.314453    11/35           35      1
60   0.316406    19/60           60      1
61   0.318359     7/22           22      5
62   0.320312     8/25           25      1
63   0.326172    15/46           46      1
64   0.328125    20/61           61      5
65   0.330078    20/61           61     13
66   0.332031      1/3            3     21
67   0.333984      1/3            3     61
68   0.335938      1/3            3      3
69   0.337891    21/62           62      4
70   0.339844    17/50           50      2
71   0.341797    13/38           38     10
72   0.343750    11/32           32      1
73   0.349609     7/20           20      3
74   0.351562    13/37           37      1
75   0.353516     6/17           17      1
76   0.359375    14/39           39      1
77   0.361328    13/36           36      1
78   0.363281     4/11           11      3
79   0.365234    19/52           52      4
80   0.371094    23/62           62      1
81   0.384766     5/13           13      1
82   0.476562    10/21           21      1
83   0.500000      1/2            2     95
84   0.501953      1/2            2     11
85   0.503906      1/2            2      7
86   0.507812    32/63           63     10
87   0.509766    26/51           51      1
88   0.511719    22/43           43      4
89   0.515625    17/33           33      9
90   0.517578    29/56           56      1
91   0.519531    27/52           52      1
92   0.531250    17/32           32      7
93   0.539062     7/13           13      1
94   0.546875    29/53           53      1
95   0.548828    28/51           51      1
96   0.562500     9/16           16     12
97   0.566406    17/30           30      2
98   0.570312      4/7            7      1
99   0.578125    26/45           45      1
100  0.580078    29/50           50      1
101  0.593750    19/32           32      1
102  0.628906    39/62           62      1
103  0.634766    33/52           52      9
104  0.636719     7/11           11      3
105  0.650391    13/20           20      2
106  0.652344    15/23           23      1
107  0.656250    21/32           32      2
108  0.658203    25/38           38      3
109  0.662109    41/62           62      2
110  0.664062      2/3            3     13
111  0.666016      2/3            3     70
112  0.667969      2/3            3     19
113  0.669922    41/61           61      4
114  0.671875    41/61           61      2
115  0.673828    31/46           46      2
116  0.675781    25/37           37      1
117  0.679688    17/25           25      3
118  0.681641    15/22           22     13
119  0.683594    41/60           60      1
120  0.685547    24/35           35      2
121  0.701172    40/57           57      1
122  0.720703    31/43           43      3
123  0.722656    13/18           18      1
124  0.728516    43/59           59      6
125  0.730469    19/26           26      2
126  0.732422    41/56           56      3
127  0.742188    23/31           31      1
128  0.750000      3/4            4      1
129  0.755859    31/41           41      1
130  0.767578    33/43           43      1
131  0.769531    10/13           13      3
132  0.771484    27/35           35      2
133  0.777344      7/9            9      1
134  0.794922    31/39           39      1
135  0.796875    47/59           59      1
136  0.802734    49/61           61      1
137  0.814453    22/27           27      4
138  0.816406    40/49           49      3
139  0.818359     9/11           11     11
140  0.826172    19/23           23      2
141  0.828125    29/35           35      5
142  0.830078    44/53           53      6
143  0.832031      5/6            6     28
144  0.833984      5/6            6     64
145  0.835938    51/61           61      3
146  0.837891    31/37           37      4
147  0.839844    21/25           25      5
148  0.841797    16/19           19      5
149  0.843750    27/32           32      1
150  0.847656    39/46           46      2
151  0.849609    17/20           20      1
152  0.851562    23/27           27      1
153  0.859375    49/57           57      1
154  0.861328    31/36           36      1
155  0.863281    19/22           22      3
156  0.865234    45/52           52      8
157  0.867188    13/15           15      1
158  0.873047    55/63           63      2
159  0.886719    47/53           53      1
    Guess for r  Guess 1  Guess 2  Sum by Guess  Repetition Count
0            32        3        1            33                 8
18           62        1        3             9                 5
36           52        3        1            27                 5
11            6        7        9           171                 4
52           22        1        3            23                 4
50           46        1        3             6                 4
28           56        3        1             5                 3
25            2        1        3           113                 3
51           20        3        1             6                 3
39           38        1        3            13                 2
1            30        7        9             3                 2
31           16        3        1            22                 2
43           18        7        9             2                 2
44           26        1        3             6                 2
12            4        3        1             2                 2
19           50        1        3             3                 2
4             8        3        1             1                 1
        Phase Fraction  Guess for r  Count
0    0.000000      0/1            1     44
1    0.001953      0/1            1     10
2    0.003906      0/1            1     17
3    0.005859      0/1            1      2
4    0.007812      0/1            1     12
5    0.009766     1/63           63      6
6    0.011719     1/63           63      1
7    0.015625     1/63           63     12
8    0.017578     1/57           57      3
9    0.019531     1/51           51      3
10   0.023438     1/43           43      2
11   0.031250     1/32           32     16
12   0.033203     1/30           30      2
13   0.035156     2/57           57      4
14   0.037109     1/27           27      1
15   0.039062     2/51           51      4
16   0.041016     2/49           49      1
17   0.042969     2/47           47      2
18   0.046875     2/43           43      4
19   0.052734     1/19           19      1
20   0.054688     3/55           55      3
21   0.062500     1/16           16     11
22   0.064453     2/31           31      2
23   0.066406     1/15           15      3
24   0.070312     4/57           57      2
25   0.072266     4/55           55      1
26   0.078125     4/51           51      2
27   0.080078     2/25           25      1
28   0.082031     5/61           61      1
29   0.091797     5/54           54      1
30   0.093750     3/32           32      2
31   0.095703     5/52           52      1
32   0.103516     3/29           29      1
33   0.107422     3/28           28      1
34   0.126953     8/63           63      1
35   0.128906     4/31           31      1
36   0.132812     2/15           15      3
37   0.134766     7/52           52      7
38   0.136719     3/22           22      1
39   0.138672     5/36           36      2
40   0.142578      1/7            7      1
41   0.150391     3/20           20      3
42   0.154297     2/13           13      4
43   0.156250     5/32           32      2
44   0.158203     3/19           19     11
45   0.160156     4/25           25      2
46   0.162109     6/37           37      5
47   0.164062    10/61           61     16
48   0.166016      1/6            6     34
49   0.167969      1/6            6      6
50   0.169922     9/53           53     13
51   0.171875     6/35           35      3
52   0.173828     4/23           23      4
53   0.175781    10/57           57      2
54   0.177734     8/45           45      1
55   0.179688     7/39           39      7
56   0.181641     2/11           11      5
57   0.183594     9/49           49      3
58   0.185547     5/27           27      1
59   0.189453    11/58           58      1
60   0.195312     8/41           41      2
61   0.197266    12/61           61      3
62   0.199219      1/5            5      1
63   0.220703    13/59           59      6
64   0.222656      2/9            9      1
65   0.224609    11/49           49      1
66   0.226562    12/53           53      5
67   0.228516     8/35           35      5
68   0.230469     3/13           13      3
69   0.232422    10/43           43      2
70   0.234375    11/47           47      1
71   0.236328    13/55           55      2
72   0.248047      1/4            4      2
73   0.251953      1/4            4      1
74   0.253906    16/63           63      1
75   0.259766    13/50           50      1
76   0.263672    14/53           53      2
77   0.265625    13/49           49      3
78   0.267578    15/56           56      1
79   0.269531     7/26           26      7
80   0.271484    16/59           59      5
81   0.273438     3/11           11      1
82   0.275391    11/40           40      3
83   0.279297    12/43           43      4
84   0.298828    17/57           57      1
85   0.300781     3/10           10      1
86   0.302734    10/33           33      1
87   0.304688     7/23           23      1
88   0.306641    19/62           62      1
89   0.310547     9/29           29      2
90   0.312500     5/16           16      1
91   0.314453    11/35           35      2
92   0.316406    19/60           60      4
93   0.318359     7/22           22      4
94   0.322266    19/59           59      1
95   0.324219    12/37           37      2
96   0.326172    15/46           46      3
97   0.328125    20/61           61      6
98   0.330078    20/61           61     15
99   0.332031      1/3            3     15
100  0.333984      1/3            3     34
101  0.335938      1/3            3      5
102  0.337891    21/62           62      3
103  0.339844    17/50           50     10
104  0.341797    13/38           38     11
105  0.343750    11/32           32      1
106  0.345703    19/55           55      3
107  0.347656     8/23           23      1
108  0.349609     7/20           20      2
109  0.355469    16/45           45      1
110  0.359375    14/39           39      1
111  0.361328    13/36           36      6
112  0.363281     4/11           11      4
113  0.365234    19/52           52      8
114  0.367188    18/49           49      1
115  0.369141    17/46           46      2
116  0.371094    23/62           62      4
117  0.500000      1/2            2     43
118  0.501953      1/2            2     10
119  0.503906      1/2            2      8
120  0.507812    32/63           63     12
121  0.509766    26/51           51      2
122  0.511719    22/43           43      3
123  0.513672    19/37           37      1
124  0.515625    17/33           33     13
125  0.517578    29/56           56      1
126  0.519531    27/52           52      2
127  0.521484    12/23           23      1
128  0.523438    11/21           21      3
129  0.525391    31/59           59      2
130  0.527344    29/55           55      1
131  0.531250    17/32           32     15
132  0.533203     8/15           15      4
133  0.535156    23/43           43      5
134  0.539062     7/13           13      2
135  0.541016    33/61           61      1
136  0.542969    19/35           35      1
137  0.546875    29/53           53      1
138  0.562500     9/16           16     12
139  0.564453    35/62           62      2
140  0.566406    17/30           30      3
141  0.568359    25/44           44      1
142  0.570312      4/7            7      3
143  0.572266      4/7            7      2
144  0.578125    26/45           45      3
145  0.585938    17/29           29      1
146  0.593750    19/32           32      2
147  0.625000      5/8            8      2
148  0.630859    29/46           46      1
149  0.632812    31/49           49      2
150  0.634766    33/52           52      8
151  0.636719     7/11           11      1
152  0.640625    25/39           39      1
153  0.648438    24/37           37      1
154  0.650391    13/20           20      3
155  0.656250    21/32           32      5
156  0.658203    25/38           38      4
157  0.660156    33/50           50      2
158  0.662109    41/62           62      3
159  0.664062      2/3            3     13
160  0.666016      2/3            3     32
161  0.667969      2/3            3      8
162  0.669922    41/61           61     16
163  0.671875    41/61           61      1
164  0.673828    31/46           46      3
165  0.675781    25/37           37      1
166  0.679688    17/25           25      6
167  0.681641    15/22           22     13
168  0.683594    41/60           60      3
169  0.685547    24/35           35      6
170  0.687500    11/16           16      2
171  0.695312    16/23           23      2
172  0.699219     7/10           10      1
173  0.710938    32/45           45      1
174  0.712891    42/59           59      2
175  0.716797    43/60           60      1
176  0.720703    31/43           43      3
177  0.722656    13/18           18      1
178  0.728516    43/59           59      4
179  0.730469    19/26           26      3
180  0.732422    41/56           56      2
181  0.736328    39/53           53      1
182  0.742188    23/31           31      2
183  0.744141    32/43           43      2
184  0.746094    47/63           63      2
185  0.755859    31/41           41      2
186  0.757812    25/33           33      1
187  0.763672    42/55           55      2
188  0.765625    36/47           47      1
189  0.767578    33/43           43      1
190  0.769531    10/13           13      1
191  0.771484    27/35           35      4
192  0.773438    41/53           53      3
193  0.775391    38/49           49      1
194  0.777344      7/9            9      2
195  0.779297    46/59           59      1
196  0.798828      4/5            5      1
197  0.802734    49/61           61      1
198  0.806641    25/31           31      1
199  0.812500    13/16           16      1
200  0.814453    22/27           27      5
201  0.816406    40/49           49      7
202  0.818359     9/11           11      8
203  0.820312    32/39           39      2
204  0.822266    37/45           45      1
205  0.824219    47/57           57      1
206  0.826172    19/23           23      3
207  0.828125    29/35           35      8
208  0.830078    44/53           53      5
209  0.832031      5/6            6     17
210  0.833984      5/6            6     36
211  0.835938    51/61           61      3
212  0.837891    31/37           37      2
213  0.839844    21/25           25      6
214  0.841797    16/19           19     11
215  0.847656    39/46           46      1
216  0.849609    17/20           20      4
217  0.857422      6/7            7      1
218  0.859375    49/57           57      2
219  0.861328    31/36           36      1
220  0.863281    19/22           22      3
221  0.865234    45/52           52      7
222  0.869141    53/61           61      2
223  0.873047    55/63           63      2
224  0.888672      8/9            9      1
    Guess for r  Guess 1  Guess 2  Sum by Guess  Repetition Count
0            32        3        1            43                 7
46           52        3        1            33                 6
45           46        1        3            10                 5
21           62        1        3            13                 5
2            16        3        1            27                 5
47           20        3        1            12                 4
12            6        7        9            93                 4
8            22        1        3            21                 4
50           50        1        3            13                 3
58           56        3        1             4                 3
33            2        1        3            61                 3
20           10        1        3             2                 2
14            4        3        1             3                 2
57           26        1        3            10                 2
1            30        7        9             5                 2
27           38        1        3            15                 2
13           58        1        3             1                 1
42           44        3        1             1                 1
19           40        3        1             3                 1
56           18        7        9             1                 1
44            8        3        1             2                 1
3            54        7        9             1                 1
6            28        3        1             1                 1
        Phase Fraction  Guess for r  Count
0    0.000000      0/1            1     24
1    0.001953      0/1            1      9
2    0.003906      0/1            1     13
3    0.005859      0/1            1      2
4    0.007812      0/1            1     11
5    0.009766     1/63           63      2
6    0.011719     1/63           63      5
7    0.013672     1/63           63      1
8    0.015625     1/63           63      3
9    0.017578     1/57           57      5
10   0.019531     1/51           51      1
11   0.021484     1/47           47      1
12   0.023438     1/43           43      3
13   0.027344     1/37           37      2
14   0.029297     1/34           34      1
15   0.031250     1/32           32      6
16   0.033203     1/30           30      3
17   0.035156     2/57           57      4
18   0.039062     2/51           51      2
19   0.041016     2/49           49      1
20   0.042969     2/47           47      2
21   0.044922     2/45           45      1
22   0.046875     2/43           43      4
23   0.048828     2/41           41      2
24   0.050781     3/59           59      2
25   0.052734     1/19           19      2
26   0.054688     3/55           55      2
27   0.058594     1/17           17      1
28   0.060547     2/33           33      1
29   0.062500     1/16           16     10
30   0.064453     2/31           31      3
31   0.066406     1/15           15      3
32   0.068359     3/44           44      2
33   0.070312     4/57           57      2
34   0.072266     4/55           55      2
35   0.074219     2/27           27      3
36   0.076172     4/53           53      1
37   0.078125     4/51           51      3
38   0.080078     2/25           25      1
39   0.082031     5/61           61      1
40   0.093750     3/32           32      4
41   0.097656     4/41           41      2
42   0.099609     1/10           10      2
43   0.101562     6/59           59      2
44   0.103516     3/29           29      1
45   0.109375     6/55           55      2
46   0.115234     3/26           26      1
47   0.117188     2/17           17      1
48   0.125000      1/8            8      1
49   0.126953     8/63           63      3
50   0.128906     4/31           31      2
51   0.130859     8/61           61      2
52   0.132812     2/15           15      4
53   0.134766     7/52           52      7
54   0.136719     3/22           22      6
55   0.138672     5/36           36      7
56   0.140625     8/57           57      1
57   0.144531     9/62           62      1
58   0.146484     6/41           41      1
59   0.148438     4/27           27      2
60   0.150391     3/20           20      3
61   0.152344     7/46           46      1
62   0.154297     2/13           13      2
63   0.156250     5/32           32      7
64   0.158203     3/19           19      6
65   0.160156     4/25           25      5
66   0.162109     6/37           37      4
67   0.164062    10/61           61     10
68   0.166016      1/6            6     13
69   0.167969      1/6            6      8
70   0.169922     9/53           53      8
71   0.171875     6/35           35      2
72   0.173828     4/23           23      3
73   0.175781    10/57           57      1
74   0.177734     8/45           45      2
75   0.179688     7/39           39      2
76   0.181641     2/11           11      5
77   0.183594     9/49           49      4
78   0.185547     5/27           27      5
79   0.189453    11/58           58      3
80   0.191406     9/47           47      2
81   0.195312     8/41           41      2
82   0.197266    12/61           61      3
83   0.201172      1/5            5      1
84   0.203125    12/59           59      1
85   0.207031     6/29           29      1
86   0.210938     4/19           19      2
87   0.216797    13/60           60      1
88   0.220703    13/59           59      6
89   0.222656      2/9            9      1
90   0.224609    11/49           49      1
91   0.226562    12/53           53      4
92   0.228516     8/35           35      4
93   0.230469     3/13           13      3
94   0.232422    10/43           43      6
95   0.234375    11/47           47      1
96   0.236328    13/55           55      5
97   0.238281     5/21           21      2
98   0.244141    10/41           41      4
99   0.246094    15/61           61      2
100  0.248047      1/4            4      1
101  0.250000      1/4            4      2
102  0.251953      1/4            4      1
103  0.253906    16/63           63      2
104  0.255859    11/43           43      7
105  0.257812     8/31           31      1
106  0.261719    11/42           42      1
107  0.263672    14/53           53      1
108  0.265625    13/49           49      1
109  0.267578    15/56           56      6
110  0.269531     7/26           26      2
111  0.271484    16/59           59      5
112  0.275391    11/40           40      1
113  0.277344     5/18           18      3
114  0.279297    12/43           43      4
115  0.285156      2/7            7      2
116  0.287109    17/59           59      3
117  0.291016    16/55           55      1
118  0.294922    18/61           61      1
119  0.296875    11/37           37      2
120  0.300781     3/10           10      1
121  0.302734    10/33           33      2
122  0.304688     7/23           23      1
123  0.308594    17/55           55      1
124  0.310547     9/29           29      5
125  0.312500     5/16           16      1
126  0.314453    11/35           35      3
127  0.316406    19/60           60      3
128  0.318359     7/22           22      5
129  0.320312     8/25           25      3
130  0.322266    19/59           59      1
131  0.324219    12/37           37      2
132  0.326172    15/46           46      2
133  0.328125    20/61           61      7
134  0.330078    20/61           61      9
135  0.332031      1/3            3     12
136  0.333984      1/3            3     14
137  0.335938      1/3            3      3
138  0.337891    21/62           62      4
139  0.339844    17/50           50      8
140  0.341797    13/38           38      9
141  0.345703    19/55           55      1
142  0.349609     7/20           20      3
143  0.351562    13/37           37      3
144  0.359375    14/39           39      1
145  0.361328    13/36           36      2
146  0.363281     4/11           11      6
147  0.365234    19/52           52      5
148  0.367188    18/49           49      1
149  0.371094    23/62           62      1
150  0.373047    22/59           59      5
151  0.378906    11/29           29      1
152  0.447266    17/38           38      1
153  0.500000      1/2            2     21
154  0.501953      1/2            2      9
155  0.503906      1/2            2      5
156  0.505859    32/63           63      6
157  0.507812    32/63           63      5
158  0.509766    26/51           51      2
159  0.511719    22/43           43      3
160  0.513672    19/37           37      1
161  0.515625    17/33           33     14
162  0.517578    29/56           56      6
163  0.519531    27/52           52      3
164  0.521484    12/23           23      3
165  0.523438    11/21           21      2
166  0.525391    31/59           59      1
167  0.527344    29/55           55      3
168  0.531250    17/32           32      6
169  0.533203     8/15           15      3
170  0.535156    23/43           43      7
171  0.537109    29/54           54      2
172  0.539062     7/13           13      2
173  0.542969    19/35           35      1
174  0.546875    29/53           53      7
175  0.548828    28/51           51      5
176  0.550781    27/49           49      3
177  0.552734    21/38           38      2
178  0.554688      5/9            9      2
179  0.556641    34/61           61      1
180  0.558594    19/34           34      3
181  0.560547    23/41           41      1
182  0.562500     9/16           16      6
183  0.564453    35/62           62      1
184  0.566406    17/30           30      2
185  0.568359    25/44           44      2
186  0.570312      4/7            7      5
187  0.572266      4/7            7      2
188  0.574219    31/54           54      2
189  0.578125    26/45           45      3
190  0.580078    29/50           50      1
191  0.582031    32/55           55      1
192  0.585938    17/29           29      2
193  0.587891    10/17           17      3
194  0.593750    19/32           32      5
195  0.595703    28/47           47      2
196  0.599609      3/5            5      1
197  0.607422    17/28           28      1
198  0.609375    25/41           41      1
199  0.617188    29/47           47      1
200  0.619141    13/21           21      1
201  0.621094    18/29           29      1
202  0.625000      5/8            8      1
203  0.626953    37/59           59      8
204  0.628906    39/62           62      1
205  0.630859    29/46           46      3
206  0.632812    31/49           49      3
207  0.634766    33/52           52      5
208  0.636719     7/11           11      2
209  0.638672    23/36           36      7
210  0.640625    25/39           39      1
211  0.644531    29/45           45      1
212  0.648438    24/37           37      4
213  0.650391    13/20           20      6
214  0.652344    15/23           23      1
215  0.654297    36/55           55      1
216  0.656250    21/32           32      6
217  0.658203    25/38           38      3
218  0.660156    33/50           50      5
219  0.662109    41/62           62      3
220  0.664062      2/3            3      8
221  0.666016      2/3            3     11
222  0.667969      2/3            3      7
223  0.669922    41/61           61      6
224  0.671875    41/61           61      3
225  0.673828    31/46           46      2
226  0.675781    25/37           37      2
227  0.677734    40/59           59      2
228  0.679688    17/25           25      6
229  0.681641    15/22           22     10
230  0.683594    41/60           60      6
231  0.685547    24/35           35      3
232  0.689453    20/29           29      1
233  0.691406    38/55           55      1
234  0.693359    43/62           62      2
235  0.699219     7/10           10      1
236  0.705078    43/61           61      1
237  0.708984    39/55           55      1
238  0.710938    32/45           45      1
239  0.712891    42/59           59      1
240  0.714844      5/7            7      1
241  0.718750    23/32           32      1
242  0.720703    31/43           43      2
243  0.724609    29/40           40      2
244  0.726562     8/11           11      4
245  0.728516    43/59           59     10
246  0.730469    19/26           26      2
247  0.732422    41/56           56      2
248  0.734375    36/49           49      1
249  0.736328    39/53           53      1
250  0.738281    31/42           42      1
251  0.740234    37/50           50      3
252  0.742188    23/31           31      1
253  0.744141    32/43           43      2
254  0.748047      3/4            4      1
255  0.750000      3/4            4      2
256  0.751953      3/4            4      2
257  0.753906    46/61           61      3
258  0.755859    31/41           41      1
259  0.757812    25/33           33      1
260  0.761719    16/21           21      2
261  0.763672    42/55           55      1
262  0.765625    36/47           47      1
263  0.767578    33/43           43      5
264  0.769531    10/13           13      1
265  0.771484    27/35           35      8
266  0.773438    41/53           53      2
267  0.775391    38/49           49      1
268  0.777344      7/9            9      2
269  0.779297    46/59           59      7
270  0.783203    47/60           60      1
271  0.785156    11/14           14      1
272  0.787109    37/47           47      1
273  0.792969    23/29           29      1
274  0.794922    31/39           39      1
275  0.802734    49/61           61      3
276  0.806641    25/31           31      2
277  0.808594    38/47           47      2
278  0.810547    47/58           58      2
279  0.812500    13/16           16      2
280  0.814453    22/27           27      3
281  0.816406    40/49           49      4
282  0.818359     9/11           11     11
283  0.820312    32/39           39      1
284  0.822266    37/45           45      1
285  0.826172    19/23           23      5
286  0.828125    29/35           35      2
287  0.830078    44/53           53     10
288  0.832031      5/6            6      5
289  0.833984      5/6            6     10
290  0.835938    51/61           61      8
291  0.837891    31/37           37      4
292  0.839844    21/25           25      4
293  0.841797    16/19           19      6
294  0.843750    27/32           32      1
295  0.847656    39/46           46      1
296  0.849609    17/20           20      4
297  0.855469    53/62           62      1
298  0.859375    49/57           57      2
299  0.861328    31/36           36      2
300  0.863281    19/22           22      8
301  0.865234    45/52           52      6
302  0.869141    53/61           61      1
303  0.871094    27/31           31      6
304  0.873047    55/63           63      3
    Guess for r  Guess 1  Guess 2  Sum by Guess  Repetition Count
35           62        1        3            14                 8
42           32        3        1            36                 8
19            4        3        1             9                 6
56           46        1        3             9                 5
41           52        3        1            26                 5
51           50        1        3            17                 4
15            6        7        9            36                 4
12           20        3        1            16                 4
10           22        1        3            29                 4
27           16        3        1            19                 4
60           38        1        3            15                 4
22           56        3        1            14                 3
26           10        1        3             4                 3
7            26        1        3             5                 3
37            2        1        3            35                 3
77           58        1        3             5                 2
71           42        7        9             2                 2
0            34        1        3             4                 2
68           40        3        1             3                 2
54            8        3        1             2                 2
50           54        7        9             4                 2
49           44        3        1             4                 2
48           30        7        9             5                 2
53           28        3        1             1                 1
76           14        1        3             1                 1
25           18        7        9             3                 1
        Phase Fraction  Guess for r  Count
0    0.000000      0/1            1     10
1    0.001953      0/1            1      5
2    0.003906      0/1            1      6
3    0.005859      0/1            1      5
4    0.007812      0/1            1      3
5    0.009766     1/63           63      4
6    0.011719     1/63           63      4
7    0.013672     1/63           63      4
8    0.015625     1/63           63      8
9    0.017578     1/57           57      1
10   0.019531     1/51           51      6
11   0.021484     1/47           47      1
12   0.023438     1/43           43      4
13   0.025391     1/39           39      2
14   0.027344     1/37           37      1
15   0.031250     1/32           32      5
16   0.033203     1/30           30      4
17   0.035156     2/57           57      1
18   0.037109     1/27           27      4
19   0.041016     2/49           49      3
20   0.042969     2/47           47      2
21   0.044922     2/45           45      1
22   0.046875     2/43           43      4
23   0.048828     2/41           41      3
24   0.050781     3/59           59      3
25   0.052734     1/19           19      3
26   0.054688     3/55           55      2
27   0.060547     2/33           33      1
28   0.062500     1/16           16      4
29   0.064453     2/31           31      4
30   0.066406     1/15           15      5
31   0.068359     3/44           44      2
32   0.070312     4/57           57      2
33   0.072266     4/55           55      4
34   0.074219     2/27           27      5
35   0.078125     4/51           51      1
36   0.080078     2/25           25      4
37   0.082031     5/61           61      3
38   0.083984     1/12           12      1
39   0.085938     3/35           35      2
40   0.087891     5/57           57      1
41   0.089844     5/56           56      2
42   0.091797     5/54           54      1
43   0.093750     3/32           32      7
44   0.095703     5/52           52      3
45   0.097656     4/41           41      4
46   0.099609     1/10           10      2
47   0.103516     3/29           29      1
48   0.105469     2/19           19      1
49   0.109375     6/55           55      2
50   0.115234     3/26           26      2
51   0.117188     2/17           17      2
52   0.121094     4/33           33      2
53   0.123047     7/57           57      1
54   0.125000      1/8            8      2
55   0.126953     8/63           63      4
56   0.128906     4/31           31      3
57   0.130859     8/61           61      1
58   0.132812     2/15           15      4
59   0.134766     7/52           52      6
60   0.136719     3/22           22      4
61   0.138672     5/36           36      3
62   0.140625     8/57           57      1
63   0.142578      1/7            7      1
64   0.148438     4/27           27      4
65   0.150391     3/20           20      1
66   0.152344     7/46           46      1
67   0.154297     2/13           13      1
68   0.156250     5/32           32      7
69   0.158203     3/19           19      2
70   0.160156     4/25           25      2
71   0.162109     6/37           37      4
72   0.164062    10/61           61      6
73   0.166016      1/6            6      7
74   0.167969      1/6            6      5
75   0.169922     9/53           53      5
76   0.171875     6/35           35      2
77   0.173828     4/23           23      3
78   0.175781    10/57           57      2
79   0.179688     7/39           39      6
80   0.181641     2/11           11      5
81   0.183594     9/49           49      3
82   0.185547     5/27           27      8
83   0.187500     3/16           16      2
84   0.189453    11/58           58      4
85   0.191406     9/47           47      2
86   0.197266    12/61           61      2
87   0.199219      1/5            5      2
88   0.201172      1/5            5      1
89   0.208984     9/43           43      1
90   0.210938     4/19           19      2
91   0.212891    10/47           47      4
92   0.214844     3/14           14      2
93   0.218750     7/32           32      2
94   0.220703    13/59           59      7
95   0.222656      2/9            9      2
96   0.224609    11/49           49      3
97   0.226562    12/53           53      5
98   0.228516     8/35           35      8
99   0.230469     3/13           13      5
100  0.232422    10/43           43      5
101  0.236328    13/55           55      5
102  0.242188     8/33           33      2
103  0.244141    10/41           41      5
104  0.246094    15/61           61      3
105  0.248047      1/4            4      4
106  0.250000      1/4            4      1
107  0.251953      1/4            4      3
108  0.253906    16/63           63      1
109  0.255859    11/43           43      4
110  0.257812     8/31           31      3
111  0.263672    14/53           53      3
112  0.265625    13/49           49      2
113  0.267578    15/56           56      6
114  0.269531     7/26           26      1
115  0.271484    16/59           59      6
116  0.273438     3/11           11      1
117  0.275391    11/40           40      2
118  0.277344     5/18           18      3
119  0.279297    12/43           43      1
120  0.281250     9/32           32      1
121  0.283203    17/60           60      2
122  0.285156      2/7            7      1
123  0.287109    17/59           59      1
124  0.289062    13/45           45      1
125  0.292969    17/58           58      1
126  0.294922    18/61           61      2
127  0.296875    11/37           37      3
128  0.298828    17/57           57      2
129  0.300781     3/10           10      5
130  0.302734    10/33           33      4
131  0.304688     7/23           23      1
132  0.306641    19/62           62      2
133  0.308594    17/55           55      2
134  0.310547     9/29           29      2
135  0.312500     5/16           16      4
136  0.314453    11/35           35      4
137  0.316406    19/60           60      3
138  0.318359     7/22           22      8
139  0.320312     8/25           25      1
140  0.322266    19/59           59      1
141  0.324219    12/37           37      3
142  0.326172    15/46           46      4
143  0.328125    20/61           61      5
144  0.330078    20/61           61      5
145  0.332031      1/3            3      7
146  0.333984      1/3            3      4
147  0.335938      1/3            3      3
148  0.337891    21/62           62      1
149  0.339844    17/50           50      3
150  0.341797    13/38           38      7
151  0.343750    11/32           32      1
152  0.345703    19/55           55      2
153  0.347656     8/23           23      4
154  0.349609     7/20           20      5
155  0.353516     6/17           17      1
156  0.355469    16/45           45      1
157  0.357422     5/14           14      1
158  0.359375    14/39           39      1
159  0.361328    13/36           36      2
160  0.363281     4/11           11      2
161  0.365234    19/52           52      4
162  0.367188    18/49           49      1
163  0.369141    17/46           46      3
164  0.373047    22/59           59      5
165  0.462891    25/54           54      1
166  0.500000      1/2            2     10
167  0.501953      1/2            2      6
168  0.503906      1/2            2      5
169  0.505859    32/63           63      8
170  0.507812    32/63           63      5
171  0.509766    26/51           51      1
172  0.511719    22/43           43      5
173  0.513672    19/37           37      2
174  0.515625    17/33           33      5
175  0.517578    29/56           56      5
176  0.519531    27/52           52      7
177  0.521484    12/23           23      4
178  0.523438    11/21           21      4
179  0.525391    31/59           59      2
180  0.527344    29/55           55      3
181  0.531250    17/32           32      5
182  0.533203     8/15           15      4
183  0.535156    23/43           43      4
184  0.537109    29/54           54      7
185  0.539062     7/13           13      3
186  0.541016    33/61           61      1
187  0.542969    19/35           35      2
188  0.546875    29/53           53      3
189  0.548828    28/51           51      2
190  0.550781    27/49           49      2
191  0.552734    21/38           38      1
192  0.554688      5/9            9      4
193  0.556641    34/61           61      1
194  0.558594    19/34           34      2
195  0.560547    23/41           41      2
196  0.562500     9/16           16      4
197  0.566406    17/30           30      7
198  0.568359    25/44           44      4
199  0.570312      4/7            7      3
200  0.572266      4/7            7      1
201  0.574219    31/54           54      4
202  0.576172    34/59           59      1
203  0.578125    26/45           45      3
204  0.580078    29/50           50      2
205  0.582031    32/55           55      3
206  0.585938    17/29           29      1
207  0.587891    10/17           17      1
208  0.589844    23/39           39      4
209  0.591797    29/49           49      1
210  0.593750    19/32           32      4
211  0.595703    28/47           47      1
212  0.597656    37/62           62      3
213  0.599609      3/5            5      2
214  0.601562      3/5            5      2
215  0.605469    23/38           38      1
216  0.609375    25/41           41      1
217  0.611328    11/18           18      3
218  0.613281    27/44           44      2
219  0.615234     8/13           13      1
220  0.617188    29/47           47      3
221  0.621094    18/29           29      3
222  0.626953    37/59           59      4
223  0.628906    39/62           62      3
224  0.630859    29/46           46      2
225  0.632812    31/49           49      2
226  0.634766    33/52           52     10
227  0.636719     7/11           11      1
228  0.638672    23/36           36      3
229  0.646484    11/17           17      2
230  0.648438    24/37           37      2
231  0.650391    13/20           20      6
232  0.652344    15/23           23      1
233  0.654297    36/55           55      6
234  0.656250    21/32           32      1
235  0.658203    25/38           38      6
236  0.660156    33/50           50      4
237  0.662109    41/62           62      4
238  0.664062      2/3            3      2
239  0.666016      2/3            3      8
240  0.667969      2/3            3      6
241  0.669922    41/61           61      3
242  0.671875    41/61           61      3
243  0.673828    31/46           46      5
244  0.675781    25/37           37      6
245  0.677734    40/59           59      2
246  0.679688    17/25           25      2
247  0.681641    15/22           22      3
248  0.683594    41/60           60      2
249  0.685547    24/35           35      2
250  0.687500    11/16           16      1
251  0.691406    38/55           55      1
252  0.693359    43/62           62      2
253  0.695312    16/23           23      2
254  0.701172    40/57           57      2
255  0.703125    26/37           37      3
256  0.705078    43/61           61      1
257  0.707031    41/58           58      3
258  0.708984    39/55           55      1
259  0.710938    32/45           45      1
260  0.712891    42/59           59      1
261  0.716797    43/60           60      2
262  0.718750    23/32           32      2
263  0.720703    31/43           43      3
264  0.722656    13/18           18      1
265  0.724609    29/40           40      1
266  0.726562     8/11           11      2
267  0.728516    43/59           59      6
268  0.730469    19/26           26      2
269  0.732422    41/56           56      3
270  0.734375    36/49           49      3
271  0.736328    39/53           53      1
272  0.738281    31/42           42      1
273  0.740234    37/50           50      3
274  0.742188    23/31           31      1
275  0.744141    32/43           43      5
276  0.746094    47/63           63      1
277  0.748047      3/4            4      3
278  0.750000      3/4            4      4
279  0.751953      3/4            4      1
280  0.753906    46/61           61      2
281  0.755859    31/41           41      3
282  0.761719    16/21           21      4
283  0.765625    36/47           47      3
284  0.767578    33/43           43      2
285  0.769531    10/13           13      5
286  0.771484    27/35           35      7
287  0.773438    41/53           53      2
288  0.775391    38/49           49      3
289  0.777344      7/9            9      1
290  0.779297    46/59           59      6
291  0.781250    25/32           32      1
292  0.785156    11/14           14      1
293  0.787109    37/47           47      2
294  0.794922    31/39           39      2
295  0.796875    47/59           59      5
296  0.798828      4/5            5      2
297  0.800781      4/5            5      1
298  0.802734    49/61           61      3
299  0.806641    25/31           31      1
300  0.810547    47/58           58      2
301  0.812500    13/16           16      5
302  0.814453    22/27           27      1
303  0.816406    40/49           49      3
304  0.818359     9/11           11      7
305  0.820312    32/39           39      1
306  0.822266    37/45           45      4
307  0.824219    47/57           57      2
308  0.826172    19/23           23      2
309  0.828125    29/35           35      3
310  0.830078    44/53           53      3
311  0.832031      5/6            6      3
312  0.833984      5/6            6      8
313  0.835938    51/61           61      5
314  0.837891    31/37           37      2
315  0.839844    21/25           25      5
316  0.841797    16/19           19      2
317  0.843750    27/32           32      1
318  0.845703    11/13           13      3
319  0.847656    39/46           46      4
320  0.849609    17/20           20      3
321  0.851562    23/27           27      2
322  0.853516    35/41           41      5
323  0.855469    53/62           62      2
324  0.857422      6/7            7      4
325  0.859375    49/57           57      2
326  0.861328    31/36           36      2
327  0.863281    19/22           22      5
328  0.865234    45/52           52      4
329  0.867188    13/15           15      1
330  0.869141    53/61           61      6
331  0.871094    27/31           31      5
332  0.873047    55/63           63      3
333  0.916016    11/12           12      1
    Guess for r  Guess 1  Guess 2  Sum by Guess  Repetition Count
0            32        3        1            37                12
36           62        1        3            17                 7
86            4        3        1            16                 6
35           46        1        3            19                 6
90           16        3        1            20                 6
42           52        3        1            34                 6
16            6        7        9            23                 4
67           20        3        1            15                 4
69           38        1        3            15                 4
70           50        1        3            12                 4
44           54        7        9            13                 4
73           22        1        3            20                 4
76           58        1        3            10                 4
81           56        3        1            16                 4
46            2        1        3            21                 3
88           14        1        3             4                 3
9            26        1        3             5                 3
3            44        3        1             8                 3
28           18        7        9             7                 3
1            30        7        9            11                 2
31           10        1        3             7                 2
27           40        3        1             3                 2
53           34        1        3             2                 1
10            8        3        1             2                 1
82           42        7        9             1                 1
        Phase Fraction  Guess for r  Count
0    0.000000      0/1            1      1
1    0.001953      0/1            1      2
2    0.003906      0/1            1      4
3    0.005859      0/1            1      4
4    0.007812      0/1            1      4
5    0.009766     1/63           63      4
6    0.011719     1/63           63      2
7    0.013672     1/63           63      3
8    0.015625     1/63           63      2
9    0.017578     1/57           57      5
10   0.019531     1/51           51      3
11   0.021484     1/47           47      5
12   0.023438     1/43           43      5
13   0.025391     1/39           39      5
14   0.027344     1/37           37      1
15   0.029297     1/34           34      1
16   0.031250     1/32           32      4
17   0.033203     1/30           30      2
18   0.035156     2/57           57      1
19   0.037109     1/27           27      1
20   0.041016     2/49           49      2
21   0.042969     2/47           47      1
22   0.044922     2/45           45      3
23   0.046875     2/43           43      4
24   0.048828     2/41           41      2
25   0.050781     3/59           59      1
26   0.052734     1/19           19      4
27   0.054688     3/55           55      4
28   0.056641     3/53           53      2
29   0.058594     1/17           17      5
30   0.062500     1/16           16      3
31   0.064453     2/31           31      4
32   0.066406     1/15           15      3
33   0.068359     3/44           44      6
34   0.070312     4/57           57      4
35   0.072266     4/55           55      3
36   0.074219     2/27           27      1
37   0.076172     4/53           53      5
38   0.078125     4/51           51      5
39   0.080078     2/25           25      2
40   0.082031     5/61           61      1
41   0.083984     1/12           12      3
42   0.085938     3/35           35      2
43   0.087891     5/57           57      3
44   0.089844     5/56           56      3
45   0.091797     5/54           54      2
46   0.093750     3/32           32      2
47   0.095703     5/52           52      1
48   0.097656     4/41           41      1
49   0.099609     1/10           10      5
50   0.103516     3/29           29      3
51   0.105469     2/19           19      2
52   0.109375     6/55           55      1
53   0.111328      1/9            9      5
54   0.113281     6/53           53      1
55   0.115234     3/26           26      1
56   0.117188     2/17           17      2
57   0.119141     5/42           42      2
58   0.121094     4/33           33      5
59   0.123047     7/57           57      3
60   0.125000      1/8            8      4
61   0.126953     8/63           63      5
62   0.128906     4/31           31      1
63   0.130859     8/61           61      4
64   0.134766     7/52           52      2
65   0.136719     3/22           22      6
66   0.138672     5/36           36      2
67   0.140625     8/57           57      2
68   0.142578      1/7            7      5
69   0.144531     9/62           62      4
70   0.146484     6/41           41      1
71   0.148438     4/27           27      1
72   0.150391     3/20           20      1
73   0.152344     7/46           46      3
74   0.154297     2/13           13      4
75   0.156250     5/32           32      3
76   0.158203     3/19           19      1
77   0.160156     4/25           25      1
78   0.162109     6/37           37      5
79   0.164062    10/61           61      3
80   0.166016      1/6            6      2
81   0.167969      1/6            6      3
82   0.169922     9/53           53      1
83   0.171875     6/35           35      3
84   0.173828     4/23           23      1
85   0.175781    10/57           57      2
86   0.177734     8/45           45      1
87   0.179688     7/39           39      1
88   0.181641     2/11           11      3
89   0.183594     9/49           49      5
90   0.185547     5/27           27      5
91   0.187500     3/16           16      2
92   0.189453    11/58           58      5
93   0.191406     9/47           47      2
94   0.193359     6/31           31      6
95   0.199219      1/5            5      1
96   0.201172      1/5            5      4
97   0.203125    12/59           59      1
98   0.205078     8/39           39      2
99   0.207031     6/29           29      2
100  0.208984     9/43           43      6
101  0.210938     4/19           19      7
102  0.214844     3/14           14      3
103  0.216797    13/60           60      1
104  0.218750     7/32           32      2
105  0.220703    13/59           59      5
106  0.222656      2/9            9      3
107  0.224609    11/49           49      2
108  0.226562    12/53           53      4
109  0.228516     8/35           35      4
110  0.230469     3/13           13      6
111  0.232422    10/43           43      4
112  0.234375    11/47           47      4
113  0.236328    13/55           55      4
114  0.240234     6/25           25      1
115  0.246094    15/61           61      7
116  0.248047      1/4            4      5
117  0.251953      1/4            4      1
118  0.253906    16/63           63      3
119  0.255859    11/43           43      1
120  0.257812     8/31           31      3
121  0.259766    13/50           50      6
122  0.261719    11/42           42      3
123  0.263672    14/53           53      4
124  0.265625    13/49           49      2
125  0.267578    15/56           56      3
126  0.271484    16/59           59      5
127  0.273438     3/11           11      6
128  0.275391    11/40           40      3
129  0.277344     5/18           18      2
130  0.279297    12/43           43      4
131  0.281250     9/32           32      1
132  0.283203    17/60           60      2
133  0.285156      2/7            7      3
134  0.287109    17/59           59      1
135  0.289062    13/45           45      3
136  0.291016    16/55           55      1
137  0.292969    17/58           58      2
138  0.294922    18/61           61      1
139  0.296875    11/37           37      2
140  0.298828    17/57           57      3
141  0.300781     3/10           10      5
142  0.302734    10/33           33      5
143  0.304688     7/23           23      3
144  0.306641    19/62           62      3
145  0.308594    17/55           55      6
146  0.310547     9/29           29      3
147  0.312500     5/16           16      3
148  0.314453    11/35           35      3
149  0.316406    19/60           60      4
150  0.318359     7/22           22      1
151  0.320312     8/25           25      3
152  0.322266    19/59           59      2
153  0.324219    12/37           37      2
154  0.326172    15/46           46      4
155  0.328125    20/61           61      1
156  0.330078    20/61           61      3
157  0.332031      1/3            3      1
158  0.333984      1/3            3      3
159  0.335938      1/3            3      3
160  0.337891    21/62           62      1
161  0.339844    17/50           50      2
162  0.341797    13/38           38      5
163  0.343750    11/32           32      2
164  0.345703    19/55           55      2
165  0.347656     8/23           23      3
166  0.349609     7/20           20      1
167  0.351562    13/37           37      4
168  0.353516     6/17           17      3
169  0.355469    16/45           45      3
170  0.357422     5/14           14      2
171  0.359375    14/39           39      2
172  0.361328    13/36           36      5
173  0.363281     4/11           11      5
174  0.365234    19/52           52      1
175  0.367188    18/49           49      3
176  0.369141    17/46           46      2
177  0.371094    23/62           62      3
178  0.373047    22/59           59      5
179  0.500000      1/2            2      1
180  0.501953      1/2            2      4
181  0.503906      1/2            2      4
182  0.505859    32/63           63      2
183  0.507812    32/63           63      3
184  0.509766    26/51           51      4
185  0.511719    22/43           43      1
186  0.513672    19/37           37      3
187  0.515625    17/33           33      3
188  0.517578    29/56           56      3
189  0.519531    27/52           52      2
190  0.521484    12/23           23      5
191  0.523438    11/21           21      1
192  0.525391    31/59           59      1
193  0.527344    29/55           55      2
194  0.529297     9/17           17      1
195  0.531250    17/32           32      2
196  0.533203     8/15           15      2
197  0.535156    23/43           43      4
198  0.537109    29/54           54      4
199  0.539062     7/13           13      2
200  0.542969    19/35           35      2
201  0.544922     6/11           11      2
202  0.546875    29/53           53      2
203  0.548828    28/51           51      3
204  0.552734    21/38           38      3
205  0.556641    34/61           61      1
206  0.558594    19/34           34      2
207  0.560547    23/41           41      3
208  0.562500     9/16           16      2
209  0.564453    35/62           62      3
210  0.566406    17/30           30      3
211  0.568359    25/44           44      3
212  0.570312      4/7            7      1
213  0.574219    31/54           54      2
214  0.576172    34/59           59      2
215  0.578125    26/45           45      3
216  0.580078    29/50           50      5
217  0.583984     7/12           12      4
218  0.585938    17/29           29      6
219  0.587891    10/17           17      3
220  0.589844    23/39           39      3
221  0.591797    29/49           49      1
222  0.593750    19/32           32      2
223  0.595703    28/47           47      1
224  0.597656    37/62           62      6
225  0.599609      3/5            5      2
226  0.605469    23/38           38      3
227  0.607422    17/28           28      1
228  0.609375    25/41           41      2
229  0.611328    11/18           18      4
230  0.613281    27/44           44      2
231  0.615234     8/13           13      7
232  0.617188    29/47           47      4
233  0.619141    13/21           21      2
234  0.621094    18/29           29      3
235  0.623047    38/61           61      2
236  0.625000      5/8            8      4
237  0.628906    39/62           62      2
238  0.630859    29/46           46      5
239  0.632812    31/49           49      2
240  0.634766    33/52           52      2
241  0.638672    23/36           36      3
242  0.640625    25/39           39      3
243  0.644531    29/45           45      2
244  0.646484    11/17           17      6
245  0.648438    24/37           37      6
246  0.650391    13/20           20      2
247  0.652344    15/23           23      4
248  0.654297    36/55           55      2
249  0.656250    21/32           32      3
250  0.658203    25/38           38      2
251  0.660156    33/50           50      2
252  0.662109    41/62           62      3
253  0.664062      2/3            3      4
254  0.666016      2/3            3      6
255  0.671875    41/61           61      3
256  0.673828    31/46           46      1
257  0.675781    25/37           37      1
258  0.677734    40/59           59      2
259  0.679688    17/25           25      3
260  0.681641    15/22           22      2
261  0.683594    41/60           60      1
262  0.685547    24/35           35      4
263  0.687500    11/16           16      1
264  0.689453    20/29           29      2
265  0.691406    38/55           55      4
266  0.693359    43/62           62      5
267  0.695312    16/23           23      3
268  0.697266    23/33           33      1
269  0.699219     7/10           10      2
270  0.701172    40/57           57      3
271  0.703125    26/37           37      3
272  0.705078    43/61           61      5
273  0.707031    41/58           58      5
274  0.708984    39/55           55      3
275  0.712891    42/59           59      3
276  0.714844      5/7            7      3
277  0.716797    43/60           60      1
278  0.718750    23/32           32      1
279  0.720703    31/43           43      6
280  0.722656    13/18           18      3
281  0.724609    29/40           40      1
282  0.726562     8/11           11      2
283  0.728516    43/59           59      1
284  0.730469    19/26           26      1
285  0.732422    41/56           56      3
286  0.734375    36/49           49      1
287  0.736328    39/53           53      3
288  0.738281    31/42           42      3
289  0.740234    37/50           50      1
290  0.742188    23/31           31      6
291  0.744141    32/43           43      4
292  0.746094    47/63           63      4
293  0.748047      3/4            4      2
294  0.750000      3/4            4      4
295  0.751953      3/4            4      5
296  0.753906    46/61           61      2
297  0.755859    31/41           41      5
298  0.757812    25/33           33      2
299  0.759766    19/25           25      3
300  0.761719    16/21           21      2
301  0.763672    42/55           55      2
302  0.765625    36/47           47      1
303  0.767578    33/43           43      2
304  0.769531    10/13           13      2
305  0.771484    27/35           35      2
306  0.773438    41/53           53      4
307  0.775391    38/49           49      5
308  0.777344      7/9            9      1
309  0.779297    46/59           59      5
310  0.781250    25/32           32      4
311  0.783203    47/60           60      3
312  0.785156    11/14           14      2
313  0.787109    37/47           47      4
314  0.789062    15/19           19      5
315  0.791016    34/43           43      2
316  0.792969    23/29           29      3
317  0.794922    31/39           39      4
318  0.796875    47/59           59      3
319  0.798828      4/5            5      3
320  0.800781      4/5            5      3
321  0.802734    49/61           61      4
322  0.804688    33/41           41      4
323  0.806641    25/31           31      3
324  0.808594    38/47           47      5
325  0.810547    47/58           58      1
326  0.812500    13/16           16      2
327  0.814453    22/27           27      2
328  0.816406    40/49           49      3
329  0.818359     9/11           11      3
330  0.820312    32/39           39      4
331  0.822266    37/45           45      2
332  0.824219    47/57           57      4
333  0.826172    19/23           23      2
334  0.830078    44/53           53      2
335  0.832031      5/6            6      4
336  0.833984      5/6            6      2
337  0.835938    51/61           61      4
338  0.837891    31/37           37      2
339  0.839844    21/25           25      2
340  0.841797    16/19           19      2
341  0.843750    27/32           32      1
342  0.845703    11/13           13      2
343  0.847656    39/46           46      2
344  0.849609    17/20           20      1
345  0.851562    23/27           27      1
346  0.853516    35/41           41      1
347  0.855469    53/62           62      3
348  0.857422      6/7            7      4
349  0.859375    49/57           57      4
350  0.861328    31/36           36      1
351  0.863281    19/22           22      5
352  0.867188    13/15           15      8
353  0.869141    53/61           61      1
354  0.871094    27/31           31      1
355  0.873047    55/63           63      3
     Guess for r  Guess 1  Guess 2  Sum by Guess  Repetition Count
63            32        3        1            27                12
58            62        1        3            33                10
101           46        1        3            17                 6
36            16        3        1            13                 6
40            50        1        3            16                 5
45            52        3        1             8                 5
92             4        3        1            17                 5
98             6        7        9            11                 4
102           20        3        1             5                 4
65            38        1        3            13                 4
79            22        1        3            14                 4
96            58        1        3            13                 4
88            56        3        1            12                 4
85            18        7        9             9                 3
23            14        1        3             7                 3
89            42        7        9             8                 3
60            44        3        1            11                 3
9             10        1        3            12                 3
6             54        7        9             8                 3
48             2        1        3             9                 3
10            26        1        3             2                 2
2             30        7        9             5                 2
56            34        1        3             3                 2
69             8        3        1             8                 2
30            40        3        1             4                 2
66            28        3        1             1                 1
Correct result: 11 out of 286 (3.85% correct)
      Key  Correct percentage
0   0.001           64.255319
1  0.0994           38.426966
2  0.1978           24.800000
3  0.2962           11.320755
4  0.3946            6.804734
5   0.493            3.846154
