       Phase Fraction  Guess for r  Count
0   0.000000      0/1            1    157
1   0.001953      0/1            1      2
2   0.003906      0/1            1      3
3   0.007812      0/1            1      3
4   0.015625     1/63           63      4
5   0.031250     1/32           32      2
6   0.039062     2/51           51      2
7   0.062500     1/16           16      3
8   0.134766     7/52           52      2
9   0.136719     3/22           22      1
10  0.138672     5/36           36      2
11  0.148438     4/27           27      2
12  0.158203     3/19           19      5
13  0.162109     6/37           37      2
14  0.164062    10/61           61      6
15  0.166016      1/6            6    104
16  0.167969      1/6            6     27
17  0.169922     9/53           53      5
18  0.171875     6/35           35      1
19  0.173828     4/23           23      2
20  0.181641     2/11           11      3
21  0.183594     9/49           49      1
22  0.187500     3/16           16      2
23  0.205078     8/39           39      1
24  0.226562    12/53           53      1
25  0.228516     8/35           35      2
26  0.230469     3/13           13      1
27  0.271484    16/59           59      3
28  0.308594    17/55           55      1
29  0.318359     7/22           22      1
30  0.320312     8/25           25      1
31  0.328125    20/61           61      3
32  0.330078    20/61           61      5
33  0.332031      1/3            3     30
34  0.333984      1/3            3     90
35  0.335938      1/3            3      6
36  0.337891    21/62           62      5
37  0.339844    17/50           50      1
38  0.341797    13/38           38      4
39  0.345703    19/55           55      1
40  0.347656     8/23           23      1
41  0.361328    13/36           36      1
42  0.365234    19/52           52      3
43  0.500000      1/2            2    150
44  0.501953      1/2            2      7
45  0.503906      1/2            2      1
46  0.507812    32/63           63      3
47  0.515625    17/33           33      3
48  0.523438    11/21           21      1
49  0.531250    17/32           32      1
50  0.562500     9/16           16      3
51  0.634766    33/52           52      2
52  0.656250    21/32           32      2
53  0.658203    25/38           38      2
54  0.660156    33/50           50      1
55  0.662109    41/62           62      5
56  0.664062      2/3            3      9
57  0.666016      2/3            3    105
58  0.667969      2/3            3     24
59  0.669922    41/61           61      9
60  0.671875    41/61           61      2
61  0.673828    31/46           46      2
62  0.675781    25/37           37      1
63  0.681641    15/22           22      3
64  0.685547    24/35           35      1
65  0.707031    41/58           58      1
66  0.710938    32/45           45      1
67  0.726562     8/11           11      1
68  0.728516    43/59           59      3
69  0.730469    19/26           26      2
70  0.767578    33/43           43      1
71  0.771484    27/35           35      1
72  0.804688    33/41           41      1
73  0.812500    13/16           16      1
74  0.816406    40/49           49      1
75  0.818359     9/11           11      2
76  0.822266    37/45           45      1
77  0.824219    47/57           57      1
78  0.826172    19/23           23      2
79  0.828125    29/35           35      2
80  0.830078    44/53           53      2
81  0.832031      5/6            6     27
82  0.833984      5/6            6    115
83  0.835938    51/61           61     11
84  0.837891    31/37           37      3
85  0.839844    21/25           25      2
86  0.843750    27/32           32      1
87  0.863281    19/22           22      1
88  0.865234    45/52           52      2
    Guess for r  Guess 1  Guess 2  Sum by Guess  Repetition Count
0            32        3        1             6                 4
30           22        1        3             6                 4
28            6        7        9           273                 4
26           16        3        1             9                 4
17           52        3        1             9                 4
13            2        1        3           158                 3
21           62        1        3            10                 2
20           50        1        3             2                 2
19           38        1        3             6                 2
24           58        1        3             1                 1
25           26        1        3             2                 1
22           46        1        3             2                 1
Correct result: 273 out of 484 (56.40% correct)
     Key  Correct percentage
0  0.015           56.404959
